Linux 5.14.0-611.34.1.el9_7.x86_64 (benchmark-server) 	08/29/26 	_x86_64_	(12 CPU)

03:11:23     CPU    %usr   %nice    %sys %iowait    %irq   %soft  %steal  %guest  %gnice   %idle
03:11:24     all    0.00    0.00    0.08    0.00    0.00    0.00    0.00    0.00    0.00   99.92
03:11:24       0    0.00    0.00    0.00    0.00    0.00    0.00    0.00    0.00    0.00  100.00
03:11:24       1    0.00    0.00    1.01    0.00    0.00    0.00    0.00    0.00    0.00   98.99
03:11:24       2    0.00    0.00    0.00    0.00    0.00    0.00    0.00    0.00    0.00  100.00
03:11:24       3    0.00    0.00    0.00    0.00    0.00    0.00    0.00    0.00    0.00  100.00
03:11:24       4    0.00    0.00    0.00    0.00    0.00    0.00    0.00    0.00    0.00  100.00
03:11:24       5    0.00    0.00    0.00    0.00    0.00    0.00    0.00    0.00    0.00  100.00
03:11:24       6    0.00    0.00    0.00    0.00    0.00    0.00    0.00    0.00    0.00  100.00
03:11:24       7    0.00    0.00    0.00    0.00    0.00    0.00    0.00    0.00    0.00  100.00
03:11:24       8    0.00    0.00    0.00    0.00    0.00    0.00    0.00    0.00    0.00  100.00
03:11:24       9    0.00    0.00    0.00    0.00    0.00    0.00    0.00    0.00    0.00  100.00
03:11:24      10    0.00    0.00    0.00    0.00    0.00    0.00    0.00    0.00    0.00  100.00
03:11:24      11    0.00    0.00    0.00    0.00    0.00    0.00    0.00    0.00    0.00  100.00

03:11:24     CPU    %usr   %nice    %sys %iowait    %irq   %soft  %steal  %guest  %gnice   %idle
03:11:25     all    0.17    0.00    0.25    0.00    0.00    0.00    0.00    0.00    0.00   99.58
03:11:25       0    0.99    0.00    0.99    0.00    0.00    0.00    0.00    0.00    0.00   98.02
03:11:25       1    0.00    0.00    1.98    0.00    0.00    0.00    0.00    0.00    0.00   98.02
03:11:25       2    0.00    0.00    0.00    0.00    0.00    0.00    0.00    0.00    0.00  100.00
03:11:25       3    0.00    0.00    0.00    0.00    0.00    0.00    0.00    0.00    0.00  100.00
03:11:25       4    0.00    0.00    0.00    0.00    0.00    0.00    0.00    0.00    0.00  100.00
03:11:25       5    0.00    0.00    0.00    0.00    0.00    0.00    0.00    0.00    0.00  100.00
03:11:25       6    0.00    0.00    0.00    0.00    0.00    0.00    0.00    0.00    0.00  100.00
03:11:25       7    0.00    0.00    0.00    0.00    0.00    0.00    0.00    0.00    0.00  100.00
03:11:25       8    0.00    0.00    0.00    0.00    0.00    0.00    0.00    0.00    0.00  100.00
03:11:25       9    0.00    0.00    0.00    0.00    0.00    0.00    0.00    0.00    0.00  100.00
03:11:25      10    0.00    0.00    0.00    0.00    0.00    0.00    0.00    0.00    0.00  100.00
03:11:25      11    0.99    0.00    0.00    0.00    0.00    0.00    0.00    0.00    0.00   99.01

03:11:25     CPU    %usr   %nice    %sys %iowait    %irq   %soft  %steal  %guest  %gnice   %idle
03:11:26     all    0.08    0.00    0.08    0.00    0.00    0.00    0.00    0.00    0.00   99.83
03:11:26       0    0.00    0.00    0.00    0.00    0.00    0.00    0.00    0.00    0.00  100.00
03:11:26       1    1.00    0.00    1.00    0.00    0.00    0.00    0.00    0.00    0.00   98.00
03:11:26       2    0.00    0.00    0.00    0.00    0.00    0.00    0.00    0.00    0.00  100.00
03:11:26       3    0.00    0.00    0.00    0.00    0.00    0.00    0.00    0.00    0.00  100.00
03:11:26       4    0.00    0.00    0.00    0.00    0.00    0.00    0.00    0.00    0.00  100.00
03:11:26       5    0.00    0.00    0.00    0.00    0.00    0.00    0.00    0.00    0.00  100.00
03:11:26       6    0.00    0.00    0.00    0.00    0.00    0.00    0.00    0.00    0.00  100.00
03:11:26       7    0.00    0.00    0.00    0.00    0.00    0.00    0.00    0.00    0.00  100.00
03:11:26       8    0.00    0.00    0.00    0.00    0.00    0.00    0.00    0.00    0.00  100.00
03:11:26       9    0.00    0.00    0.00    0.00    0.00    0.00    0.00    0.00    0.00  100.00
03:11:26      10    0.00    0.00    0.00    0.00    0.00    0.00    0.00    0.00    0.00  100.00
03:11:26      11    0.00    0.00    0.00    0.00    0.00    0.00    0.00    0.00    0.00  100.00

03:11:26     CPU    %usr   %nice    %sys %iowait    %irq   %soft  %steal  %guest  %gnice   %idle
03:11:27     all    0.33    0.00    0.08    0.00    0.00    0.00    0.00    0.00    0.00   99.58
03:11:27       0    1.01    0.00    0.00    0.00    0.00    0.00    0.00    0.00    0.00   98.99
03:11:27       1    0.00    0.00    1.00    0.00    0.00    0.00    0.00    0.00    0.00   99.00
03:11:27       2    0.00    0.00    0.00    0.00    0.00    0.00    0.00    0.00    0.00  100.00
03:11:27       3    0.00    0.00    0.00    0.00    0.00    0.00    0.00    0.00    0.00  100.00
03:11:27       4    0.00    0.00    0.00    0.00    0.00    0.00    0.00    0.00    0.00  100.00
03:11:27       5    0.00    0.00    0.00    0.00    0.00    0.00    0.00    0.00    0.00  100.00
03:11:27       6    0.00    0.00    0.00    0.00    0.00    0.00    0.00    0.00    0.00  100.00
03:11:27       7    0.00    0.00    0.00    0.00    0.00    0.00    0.00    0.00    0.00  100.00
03:11:27       8    1.00    0.00    0.00    0.00    0.00    0.00    0.00    0.00    0.00   99.00
03:11:27       9    0.99    0.00    0.00    0.00    0.00    0.00    0.00    0.00    0.00   99.01
03:11:27      10    1.00    0.00    0.00    0.00    0.00    0.00    0.00    0.00    0.00   99.00
03:11:27      11    0.00    0.00    0.00    0.00    0.00    0.00    0.00    0.00    0.00  100.00

03:11:27     CPU    %usr   %nice    %sys %iowait    %irq   %soft  %steal  %guest  %gnice   %idle
03:11:28     all    0.08    0.00    0.08    0.00    0.08    0.00    0.00    0.00    0.00   99.75
03:11:28       0    0.99    0.00    0.00    0.00    0.00    0.00    0.00    0.00    0.00   99.01
03:11:28       1    0.00    0.00    1.01    0.00    0.00    0.00    0.00    0.00    0.00   98.99
03:11:28       2    0.00    0.00    0.00    0.00    0.00    0.00    0.00    0.00    0.00  100.00
03:11:28       3    0.00    0.00    0.00    0.00    0.00    0.00    0.00    0.00    0.00  100.00
03:11:28       4    0.00    0.00    0.00    0.00    0.00    0.00    0.00    0.00    0.00  100.00
03:11:28       5    0.00    0.00    0.00    0.00    0.00    0.00    0.00    0.00    0.00  100.00
03:11:28       6    0.00    0.00    0.00    0.00    0.00    0.00    0.00    0.00    0.00  100.00
03:11:28       7    0.00    0.00    0.00    0.00    0.00    0.00    0.00    0.00    0.00  100.00
03:11:28       8    0.00    0.00    0.00    0.00    0.00    0.00    0.00    0.00    0.00  100.00
03:11:28       9    0.00    0.00    0.00    0.00    0.00    0.00    0.00    0.00    0.00  100.00
03:11:28      10    0.00    0.00    0.00    0.00    0.00    0.00    0.00    0.00    0.00  100.00
03:11:28      11    0.00    0.00    0.00    0.00    0.99    0.00    0.00    0.00    0.00   99.01

Average:     CPU    %usr   %nice    %sys %iowait    %irq   %soft  %steal  %guest  %gnice   %idle
Average:     all    0.13    0.00    0.12    0.00    0.02    0.00    0.00    0.00    0.00   99.73
Average:       0    0.60    0.00    0.20    0.00    0.00    0.00    0.00    0.00    0.00   99.20
Average:       1    0.20    0.00    1.20    0.00    0.00    0.00    0.00    0.00    0.00   98.60
Average:       2    0.00    0.00    0.00    0.00    0.00    0.00    0.00    0.00    0.00  100.00
Average:       3    0.00    0.00    0.00    0.00    0.00    0.00    0.00    0.00    0.00  100.00
Average:       4    0.00    0.00    0.00    0.00    0.00    0.00    0.00    0.00    0.00  100.00
Average:       5    0.00    0.00    0.00    0.00    0.00    0.00    0.00    0.00    0.00  100.00
Average:       6    0.00    0.00    0.00    0.00    0.00    0.00    0.00    0.00    0.00  100.00
Average:       7    0.00    0.00    0.00    0.00    0.00    0.00    0.00    0.00    0.00  100.00
Average:       8    0.20    0.00    0.00    0.00    0.00    0.00    0.00    0.00    0.00   99.80
Average:       9    0.20    0.00    0.00    0.00    0.00    0.00    0.00    0.00    0.00   99.80
Average:      10    0.20    0.00    0.00    0.00    0.00    0.00    0.00    0.00    0.00   99.80
Average:      11    0.20    0.00    0.00    0.00    0.20    0.00    0.00    0.00    0.00   99.60
