Linux 5.14.0-611.34.1.el9_7.x86_64 (benchmark-server) 	08/28/26 	_x86_64_	(12 CPU)

23:48:59     CPU    %usr   %nice    %sys %iowait    %irq   %soft  %steal  %guest  %gnice   %idle
23:49:00     all    0.25    0.00    0.25    0.00    0.00    0.00    0.00    0.00    0.00   99.50
23:49:00       0    0.99    0.00    0.99    0.00    0.00    0.00    0.00    0.00    0.00   98.02
23:49:00       1    0.00    0.00    0.00    0.00    0.00    0.00    0.00    0.00    0.00  100.00
23:49:00       2    0.99    0.00    0.00    0.00    0.00    0.00    0.00    0.00    0.00   99.01
23:49:00       3    0.00    0.00    0.00    0.00    0.00    0.00    0.00    0.00    0.00  100.00
23:49:00       4    0.00    0.00    0.00    0.00    0.00    0.00    0.00    0.00    0.00  100.00
23:49:00       5    0.00    0.00    0.00    0.00    0.00    0.00    0.00    0.00    0.00  100.00
23:49:00       6    0.00    0.00    0.00    0.00    0.00    0.00    0.00    0.00    0.00  100.00
23:49:00       7    0.00    0.00    0.00    0.00    0.00    0.00    0.00    0.00    0.00  100.00
23:49:00       8    0.00    0.00    1.00    0.00    0.00    0.00    0.00    0.00    0.00   99.00
23:49:00       9    0.99    0.00    0.99    0.00    0.00    0.00    0.00    0.00    0.00   98.02
23:49:00      10    0.00    0.00    0.00    0.00    0.00    0.00    0.00    0.00    0.00  100.00
23:49:00      11    0.00    0.00    0.00    0.00    0.00    0.00    0.00    0.00    0.00  100.00

23:49:00     CPU    %usr   %nice    %sys %iowait    %irq   %soft  %steal  %guest  %gnice   %idle
23:49:01     all    0.33    0.00    0.25    0.00    0.08    0.00    0.00    0.00    0.00   99.33
23:49:01       0    0.00    0.00    0.00    0.00    1.00    0.00    0.00    0.00    0.00   99.00
23:49:01       1    0.00    0.00    0.00    0.00    0.00    0.00    0.00    0.00    0.00  100.00
23:49:01       2    0.00    0.00    0.00    0.00    0.00    0.00    0.00    0.00    0.00  100.00
23:49:01       3    0.00    0.00    0.00    0.00    0.00    0.00    0.00    0.00    0.00  100.00
23:49:01       4    0.00    0.00    0.00    0.00    0.00    0.00    0.00    0.00    0.00  100.00
23:49:01       5    0.00    0.00    0.00    0.00    0.00    0.00    0.00    0.00    0.00  100.00
23:49:01       6    0.00    0.00    0.00    0.00    0.00    0.00    0.00    0.00    0.00  100.00
23:49:01       7    0.00    0.00    0.00    0.00    0.00    0.00    0.00    0.00    0.00  100.00
23:49:01       8    0.00    0.00    0.00    0.00    0.00    0.00    0.00    0.00    0.00  100.00
23:49:01       9    1.01    0.00    0.00    0.00    0.00    0.00    0.00    0.00    0.00   98.99
23:49:01      10    0.00    0.00    1.98    0.00    0.00    0.00    0.00    0.00    0.00   98.02
23:49:01      11    3.00    0.00    1.00    0.00    0.00    0.00    0.00    0.00    0.00   96.00

23:49:01     CPU    %usr   %nice    %sys %iowait    %irq   %soft  %steal  %guest  %gnice   %idle
23:49:02     all    2.58    0.00    1.17    0.00    0.08    0.00    0.00    0.00    0.00   96.17
23:49:02       0    0.00    0.00    1.00    0.00    0.00    0.00    0.00    0.00    0.00   99.00
23:49:02       1    0.00    0.00    0.00    0.00    0.00    0.00    0.00    0.00    0.00  100.00
23:49:02       2    0.00    0.00    0.00    0.00    0.00    0.00    0.00    0.00    0.00  100.00
23:49:02       3    0.00    0.00    0.00    0.00    0.00    0.00    0.00    0.00    0.00  100.00
23:49:02       4    0.00    0.00    0.00    0.00    0.00    0.00    0.00    0.00    0.00  100.00
23:49:02       5    0.00    0.00    0.98    0.00    0.98    0.00    0.00    0.00    0.00   98.04
23:49:02       6    1.00    0.00    0.00    0.00    0.00    0.00    0.00    0.00    0.00   99.00
23:49:02       7   11.00    0.00    3.00    0.00    0.00    0.00    0.00    0.00    0.00   86.00
23:49:02       8   10.10    0.00    4.04    0.00    0.00    0.00    0.00    0.00    0.00   85.86
23:49:02       9    2.00    0.00    1.00    0.00    0.00    0.00    0.00    0.00    0.00   97.00
23:49:02      10    6.00    0.00    4.00    0.00    0.00    0.00    0.00    0.00    0.00   90.00
23:49:02      11    1.01    0.00    0.00    0.00    0.00    0.00    0.00    0.00    0.00   98.99

23:49:02     CPU    %usr   %nice    %sys %iowait    %irq   %soft  %steal  %guest  %gnice   %idle
23:49:03     all    0.08    0.00    0.17    0.00    0.00    0.08    0.00    0.00    0.00   99.67
23:49:03       0    0.00    0.00    0.00    0.00    0.00    0.00    0.00    0.00    0.00  100.00
23:49:03       1    0.00    0.00    0.00    0.00    0.00    0.00    0.00    0.00    0.00  100.00
23:49:03       2    0.00    0.00    0.00    0.00    0.00    0.00    0.00    0.00    0.00  100.00
23:49:03       3    0.00    0.00    0.00    0.00    0.00    0.00    0.00    0.00    0.00  100.00
23:49:03       4    0.00    0.00    0.00    0.00    0.00    0.00    0.00    0.00    0.00  100.00
23:49:03       5    0.00    0.00    0.00    0.00    0.00    1.00    0.00    0.00    0.00   99.00
23:49:03       6    0.00    0.00    0.00    0.00    0.00    0.00    0.00    0.00    0.00  100.00
23:49:03       7    0.00    0.00    1.00    0.00    0.00    0.00    0.00    0.00    0.00   99.00
23:49:03       8    0.00    0.00    0.00    0.00    0.00    0.00    0.00    0.00    0.00  100.00
23:49:03       9    1.00    0.00    1.00    0.00    0.00    0.00    0.00    0.00    0.00   98.00
23:49:03      10    0.00    0.00    0.00    0.00    0.00    0.00    0.00    0.00    0.00  100.00
23:49:03      11    0.00    0.00    0.00    0.00    0.00    0.00    0.00    0.00    0.00  100.00

23:49:03     CPU    %usr   %nice    %sys %iowait    %irq   %soft  %steal  %guest  %gnice   %idle
23:49:04     all    0.00    0.00    0.08    0.00    0.00    0.00    0.00    0.00    0.00   99.92
23:49:04       0    0.00    0.00    0.00    0.00    0.00    0.00    0.00    0.00    0.00  100.00
23:49:04       1    0.00    0.00    0.00    0.00    0.00    0.00    0.00    0.00    0.00  100.00
23:49:04       2    0.00    0.00    0.00    0.00    0.00    0.00    0.00    0.00    0.00  100.00
23:49:04       3    0.00    0.00    0.00    0.00    0.00    0.00    0.00    0.00    0.00  100.00
23:49:04       4    0.00    0.00    0.00    0.00    0.00    0.00    0.00    0.00    0.00  100.00
23:49:04       5    0.00    0.00    0.00    0.00    0.00    0.00    0.00    0.00    0.00  100.00
23:49:04       6    0.00    0.00    0.00    0.00    0.00    0.00    0.00    0.00    0.00  100.00
23:49:04       7    0.00    0.00    1.00    0.00    0.00    0.00    0.00    0.00    0.00   99.00
23:49:04       8    0.00    0.00    0.00    0.00    0.00    0.00    0.00    0.00    0.00  100.00
23:49:04       9    0.00    0.00    0.00    0.00    0.00    0.00    0.00    0.00    0.00  100.00
23:49:04      10    0.00    0.00    0.00    0.00    0.00    0.00    0.00    0.00    0.00  100.00
23:49:04      11    0.00    0.00    0.00    0.00    0.00    0.00    0.00    0.00    0.00  100.00

Average:     CPU    %usr   %nice    %sys %iowait    %irq   %soft  %steal  %guest  %gnice   %idle
Average:     all    0.65    0.00    0.38    0.00    0.03    0.02    0.00    0.00    0.00   98.92
Average:       0    0.20    0.00    0.40    0.00    0.20    0.00    0.00    0.00    0.00   99.20
Average:       1    0.00    0.00    0.00    0.00    0.00    0.00    0.00    0.00    0.00  100.00
Average:       2    0.20    0.00    0.00    0.00    0.00    0.00    0.00    0.00    0.00   99.80
Average:       3    0.00    0.00    0.00    0.00    0.00    0.00    0.00    0.00    0.00  100.00
Average:       4    0.00    0.00    0.00    0.00    0.00    0.00    0.00    0.00    0.00  100.00
Average:       5    0.00    0.00    0.20    0.00    0.20    0.20    0.00    0.00    0.00   99.40
Average:       6    0.20    0.00    0.00    0.00    0.00    0.00    0.00    0.00    0.00   99.80
Average:       7    2.20    0.00    1.00    0.00    0.00    0.00    0.00    0.00    0.00   96.80
Average:       8    2.00    0.00    1.00    0.00    0.00    0.00    0.00    0.00    0.00   96.99
Average:       9    1.00    0.00    0.60    0.00    0.00    0.00    0.00    0.00    0.00   98.40
Average:      10    1.20    0.00    1.20    0.00    0.00    0.00    0.00    0.00    0.00   97.60
Average:      11    0.80    0.00    0.20    0.00    0.00    0.00    0.00    0.00    0.00   99.00
