Linux 5.14.0-611.34.1.el9_7.x86_64 (benchmark-server) 	08/29/26 	_x86_64_	(12 CPU)

03:07:17     CPU    %usr   %nice    %sys %iowait    %irq   %soft  %steal  %guest  %gnice   %idle
03:07:18     all    0.17    0.00    0.08    0.00    0.00    0.00    0.00    0.00    0.00   99.75
03:07:18       0    0.00    0.00    0.00    0.00    0.00    0.00    0.00    0.00    0.00  100.00
03:07:18       1    1.00    0.00    0.00    0.00    0.00    0.00    0.00    0.00    0.00   99.00
03:07:18       2    1.01    0.00    0.00    0.00    0.00    0.00    0.00    0.00    0.00   98.99
03:07:18       3    0.00    0.00    0.00    0.00    0.00    0.00    0.00    0.00    0.00  100.00
03:07:18       4    0.00    0.00    1.00    0.00    0.00    0.00    0.00    0.00    0.00   99.00
03:07:18       5    0.00    0.00    0.00    0.00    0.00    0.00    0.00    0.00    0.00  100.00
03:07:18       6    0.00    0.00    0.00    0.00    0.00    0.00    0.00    0.00    0.00  100.00
03:07:18       7    0.00    0.00    0.00    0.00    0.00    0.00    0.00    0.00    0.00  100.00
03:07:18       8    0.00    0.00    0.00    0.00    0.00    0.00    0.00    0.00    0.00  100.00
03:07:18       9    0.00    0.00    0.00    0.00    0.00    0.00    0.00    0.00    0.00  100.00
03:07:18      10    0.00    0.00    0.00    0.00    0.00    0.00    0.00    0.00    0.00  100.00
03:07:18      11    0.00    0.00    0.00    0.00    0.00    0.00    0.00    0.00    0.00  100.00

03:07:18     CPU    %usr   %nice    %sys %iowait    %irq   %soft  %steal  %guest  %gnice   %idle
03:07:19     all    0.00    0.00    0.17    0.00    0.00    0.00    0.00    0.00    0.00   99.83
03:07:19       0    0.00    0.00    0.00    0.00    0.00    0.00    0.00    0.00    0.00  100.00
03:07:19       1    0.00    0.00    1.00    0.00    0.00    0.00    0.00    0.00    0.00   99.00
03:07:19       2    0.00    0.00    0.00    0.00    0.00    0.00    0.00    0.00    0.00  100.00
03:07:19       3    0.00    0.00    0.00    0.00    0.00    0.00    0.00    0.00    0.00  100.00
03:07:19       4    0.00    0.00    0.00    0.00    0.00    0.00    0.00    0.00    0.00  100.00
03:07:19       5    0.00    0.00    0.00    0.00    0.00    0.00    0.00    0.00    0.00  100.00
03:07:19       6    0.00    0.00    0.00    0.00    0.00    0.00    0.00    0.00    0.00  100.00
03:07:19       7    0.00    0.00    0.00    0.00    0.00    0.00    0.00    0.00    0.00  100.00
03:07:19       8    0.00    0.00    1.00    0.00    0.00    0.00    0.00    0.00    0.00   99.00
03:07:19       9    0.00    0.00    0.00    0.00    0.00    0.00    0.00    0.00    0.00  100.00
03:07:19      10    0.00    0.00    0.00    0.00    0.00    0.00    0.00    0.00    0.00  100.00
03:07:19      11    0.00    0.00    0.00    0.00    0.00    0.00    0.00    0.00    0.00  100.00

03:07:19     CPU    %usr   %nice    %sys %iowait    %irq   %soft  %steal  %guest  %gnice   %idle
03:07:20     all    0.33    0.00    0.17    0.00    0.00    0.00    0.00    0.00    0.00   99.50
03:07:20       0    0.00    0.00    0.00    0.00    0.00    0.00    0.00    0.00    0.00  100.00
03:07:20       1    1.00    0.00    0.00    0.00    0.00    0.00    0.00    0.00    0.00   99.00
03:07:20       2    0.00    0.00    1.01    0.00    0.00    0.00    0.00    0.00    0.00   98.99
03:07:20       3    0.00    0.00    0.00    0.00    0.00    0.00    0.00    0.00    0.00  100.00
03:07:20       4    1.00    0.00    0.00    0.00    0.00    0.00    0.00    0.00    0.00   99.00
03:07:20       5    0.00    0.00    0.99    0.00    0.00    0.00    0.00    0.00    0.00   99.01
03:07:20       6    0.00    0.00    0.00    0.00    0.00    0.00    0.00    0.00    0.00  100.00
03:07:20       7    0.00    0.00    0.00    0.00    0.00    0.00    0.00    0.00    0.00  100.00
03:07:20       8    0.99    0.00    0.00    0.00    0.00    0.00    0.00    0.00    0.00   99.01
03:07:20       9    0.00    0.00    0.00    0.00    0.00    0.00    0.00    0.00    0.00  100.00
03:07:20      10    0.00    0.00    0.00    0.00    0.00    0.00    0.00    0.00    0.00  100.00
03:07:20      11    1.00    0.00    0.00    0.00    0.00    0.00    0.00    0.00    0.00   99.00

03:07:20     CPU    %usr   %nice    %sys %iowait    %irq   %soft  %steal  %guest  %gnice   %idle
03:07:21     all    0.00    0.00    0.25    0.00    0.00    0.00    0.00    0.00    0.00   99.75
03:07:21       0    0.00    0.00    0.00    0.00    0.00    0.00    0.00    0.00    0.00  100.00
03:07:21       1    0.00    0.00    0.99    0.00    0.00    0.00    0.00    0.00    0.00   99.01
03:07:21       2    0.00    0.00    1.00    0.00    0.00    0.00    0.00    0.00    0.00   99.00
03:07:21       3    0.00    0.00    0.00    0.00    0.00    0.00    0.00    0.00    0.00  100.00
03:07:21       4    0.00    0.00    0.00    0.00    0.00    0.00    0.00    0.00    0.00  100.00
03:07:21       5    0.00    0.00    0.00    0.00    0.00    0.00    0.00    0.00    0.00  100.00
03:07:21       6    0.00    0.00    0.00    0.00    0.00    0.00    0.00    0.00    0.00  100.00
03:07:21       7    0.00    0.00    0.00    0.00    0.00    0.00    0.00    0.00    0.00  100.00
03:07:21       8    0.00    0.00    0.00    0.00    0.00    0.00    0.00    0.00    0.00  100.00
03:07:21       9    0.00    0.00    0.99    0.00    0.00    0.00    0.00    0.00    0.00   99.01
03:07:21      10    0.00    0.00    0.00    0.00    0.00    0.00    0.00    0.00    0.00  100.00
03:07:21      11    0.00    0.00    0.00    0.00    0.00    0.00    0.00    0.00    0.00  100.00

03:07:21     CPU    %usr   %nice    %sys %iowait    %irq   %soft  %steal  %guest  %gnice   %idle
03:07:22     all    0.58    0.00    0.33    0.00    0.00    0.00    0.00    0.00    0.00   99.08
03:07:22       0    0.00    0.00    0.00    0.00    0.00    0.00    0.00    0.00    0.00  100.00
03:07:22       1    1.00    0.00    1.00    0.00    0.00    0.00    0.00    0.00    0.00   98.00
03:07:22       2    0.99    0.00    0.00    0.00    0.00    0.00    0.00    0.00    0.00   99.01
03:07:22       3    0.00    0.00    0.00    0.00    0.00    0.00    0.00    0.00    0.00  100.00
03:07:22       4    0.00    0.00    0.99    0.00    0.00    0.00    0.00    0.00    0.00   99.01
03:07:22       5    0.00    0.00    0.00    0.00    0.00    0.00    0.00    0.00    0.00  100.00
03:07:22       6    0.00    0.00    0.00    0.00    0.00    0.00    0.00    0.00    0.00  100.00
03:07:22       7    0.00    0.00    0.00    0.00    0.00    0.00    0.00    0.00    0.00  100.00
03:07:22       8    0.00    0.00    1.01    0.00    0.00    0.00    0.00    0.00    0.00   98.99
03:07:22       9    5.00    0.00    1.00    0.00    0.00    0.00    0.00    0.00    0.00   94.00
03:07:22      10    0.00    0.00    0.00    0.00    0.00    0.00    0.00    0.00    0.00  100.00
03:07:22      11    0.00    0.00    0.00    0.00    0.00    0.00    0.00    0.00    0.00  100.00

Average:     CPU    %usr   %nice    %sys %iowait    %irq   %soft  %steal  %guest  %gnice   %idle
Average:     all    0.22    0.00    0.20    0.00    0.00    0.00    0.00    0.00    0.00   99.58
Average:       0    0.00    0.00    0.00    0.00    0.00    0.00    0.00    0.00    0.00  100.00
Average:       1    0.60    0.00    0.60    0.00    0.00    0.00    0.00    0.00    0.00   98.80
Average:       2    0.40    0.00    0.40    0.00    0.00    0.00    0.00    0.00    0.00   99.20
Average:       3    0.00    0.00    0.00    0.00    0.00    0.00    0.00    0.00    0.00  100.00
Average:       4    0.20    0.00    0.40    0.00    0.00    0.00    0.00    0.00    0.00   99.40
Average:       5    0.00    0.00    0.20    0.00    0.00    0.00    0.00    0.00    0.00   99.80
Average:       6    0.00    0.00    0.00    0.00    0.00    0.00    0.00    0.00    0.00  100.00
Average:       7    0.00    0.00    0.00    0.00    0.00    0.00    0.00    0.00    0.00  100.00
Average:       8    0.20    0.00    0.40    0.00    0.00    0.00    0.00    0.00    0.00   99.40
Average:       9    1.00    0.00    0.40    0.00    0.00    0.00    0.00    0.00    0.00   98.60
Average:      10    0.00    0.00    0.00    0.00    0.00    0.00    0.00    0.00    0.00  100.00
Average:      11    0.20    0.00    0.00    0.00    0.00    0.00    0.00    0.00    0.00   99.80
