Linux 5.14.0-611.34.1.el9_7.x86_64 (benchmark-server) 	08/28/26 	_x86_64_	(12 CPU)

23:37:03     CPU    %usr   %nice    %sys %iowait    %irq   %soft  %steal  %guest  %gnice   %idle
23:37:04     all    0.75    0.00    0.58    0.00    0.00    0.00    0.00    0.00    0.00   98.67
23:37:04       0    0.00    0.00    0.00    0.00    0.00    0.00    0.00    0.00    0.00  100.00
23:37:04       1    0.00    0.00    0.00    0.00    0.00    0.00    0.00    0.00    0.00  100.00
23:37:04       2    0.00    0.00    0.00    0.00    0.00    0.00    0.00    0.00    0.00  100.00
23:37:04       3    0.00    0.00    0.00    0.00    0.00    0.00    0.00    0.00    0.00  100.00
23:37:04       4    0.00    0.00    0.00    0.00    0.00    0.00    0.00    0.00    0.00  100.00
23:37:04       5    0.00    0.00    1.00    0.00    0.00    0.00    0.00    0.00    0.00   99.00
23:37:04       6    0.99    0.00    0.99    0.00    0.00    0.00    0.00    0.00    0.00   98.02
23:37:04       7    6.06    0.00    3.03    0.00    0.00    0.00    0.00    0.00    0.00   90.91
23:37:04       8    0.00    0.00    0.99    0.00    0.00    0.00    0.00    0.00    0.00   99.01
23:37:04       9    0.00    0.00    0.00    0.00    0.00    0.00    0.00    0.00    0.00  100.00
23:37:04      10    1.98    0.00    0.99    0.00    0.00    0.00    0.00    0.00    0.00   97.03
23:37:04      11    0.00    0.00    0.00    0.00    0.00    0.00    0.00    0.00    0.00  100.00

23:37:04     CPU    %usr   %nice    %sys %iowait    %irq   %soft  %steal  %guest  %gnice   %idle
23:37:05     all    0.00    0.00    0.17    0.00    0.00    0.00    0.00    0.00    0.00   99.83
23:37:05       0    0.00    0.00    0.00    0.00    0.00    0.00    0.00    0.00    0.00  100.00
23:37:05       1    0.00    0.00    1.01    0.00    0.00    0.00    0.00    0.00    0.00   98.99
23:37:05       2    0.00    0.00    0.00    0.00    0.00    0.00    0.00    0.00    0.00  100.00
23:37:05       3    0.00    0.00    0.00    0.00    0.00    0.00    0.00    0.00    0.00  100.00
23:37:05       4    0.00    0.00    0.00    0.00    0.00    0.00    0.00    0.00    0.00  100.00
23:37:05       5    0.00    0.00    0.00    0.00    0.00    0.00    0.00    0.00    0.00  100.00
23:37:05       6    0.00    0.00    0.00    0.00    0.00    0.00    0.00    0.00    0.00  100.00
23:37:05       7    0.00    0.00    0.00    0.00    0.00    0.00    0.00    0.00    0.00  100.00
23:37:05       8    0.00    0.00    0.00    0.00    0.00    0.00    0.00    0.00    0.00  100.00
23:37:05       9    0.00    0.00    0.99    0.00    0.00    0.00    0.00    0.00    0.00   99.01
23:37:05      10    0.00    0.00    0.00    0.00    0.00    0.00    0.00    0.00    0.00  100.00
23:37:05      11    0.00    0.00    0.00    0.00    0.00    0.00    0.00    0.00    0.00  100.00

23:37:05     CPU    %usr   %nice    %sys %iowait    %irq   %soft  %steal  %guest  %gnice   %idle
23:37:06     all    0.17    0.00    0.25    0.00    0.00    0.00    0.00    0.00    0.00   99.58
23:37:06       0    0.00    0.00    0.00    0.00    0.00    0.00    0.00    0.00    0.00  100.00
23:37:06       1    0.00    0.00    0.00    0.00    0.00    0.00    0.00    0.00    0.00  100.00
23:37:06       2    0.00    0.00    0.00    0.00    0.00    0.00    0.00    0.00    0.00  100.00
23:37:06       3    0.00    0.00    0.00    0.00    0.00    0.00    0.00    0.00    0.00  100.00
23:37:06       4    0.00    0.00    1.00    0.00    0.00    0.00    0.00    0.00    0.00   99.00
23:37:06       5    0.00    0.00    0.00    0.00    0.00    0.00    0.00    0.00    0.00  100.00
23:37:06       6    0.99    0.00    0.99    0.00    0.00    0.00    0.00    0.00    0.00   98.02
23:37:06       7    0.99    0.00    0.00    0.00    0.00    0.00    0.00    0.00    0.00   99.01
23:37:06       8    0.00    0.00    1.01    0.00    0.00    0.00    0.00    0.00    0.00   98.99
23:37:06       9    0.00    0.00    0.00    0.00    0.00    0.00    0.00    0.00    0.00  100.00
23:37:06      10    0.00    0.00    0.00    0.00    0.00    0.00    0.00    0.00    0.00  100.00
23:37:06      11    0.00    0.00    0.00    0.00    0.00    0.00    0.00    0.00    0.00  100.00

23:37:06     CPU    %usr   %nice    %sys %iowait    %irq   %soft  %steal  %guest  %gnice   %idle
23:37:07     all    0.00    0.00    0.08    0.00    0.00    0.08    0.00    0.00    0.00   99.83
23:37:07       0    0.00    0.00    0.00    0.00    0.00    0.00    0.00    0.00    0.00  100.00
23:37:07       1    0.00    0.00    0.00    0.00    0.00    0.00    0.00    0.00    0.00  100.00
23:37:07       2    0.00    0.00    0.00    0.00    0.00    0.00    0.00    0.00    0.00  100.00
23:37:07       3    0.00    0.00    0.00    0.00    0.00    0.00    0.00    0.00    0.00  100.00
23:37:07       4    0.00    0.00    0.00    0.00    0.00    0.00    0.00    0.00    0.00  100.00
23:37:07       5    0.00    0.00    0.00    0.00    0.00    0.00    0.00    0.00    0.00  100.00
23:37:07       6    0.00    0.00    0.00    0.00    0.00    0.00    0.00    0.00    0.00  100.00
23:37:07       7    0.00    0.00    1.00    0.00    0.00    1.00    0.00    0.00    0.00   98.00
23:37:07       8    0.00    0.00    0.00    0.00    0.00    0.00    0.00    0.00    0.00  100.00
23:37:07       9    0.00    0.00    0.00    0.00    0.00    0.00    0.00    0.00    0.00  100.00
23:37:07      10    0.00    0.00    0.00    0.00    0.00    0.00    0.00    0.00    0.00  100.00
23:37:07      11    0.00    0.00    0.00    0.00    0.00    0.00    0.00    0.00    0.00  100.00

23:37:07     CPU    %usr   %nice    %sys %iowait    %irq   %soft  %steal  %guest  %gnice   %idle
23:37:08     all    0.42    0.00    0.25    0.00    0.00    0.00    0.00    0.00    0.00   99.33
23:37:08       0    0.00    0.00    0.00    0.00    0.00    0.00    0.00    0.00    0.00  100.00
23:37:08       1    0.00    0.00    0.00    0.00    0.00    0.00    0.00    0.00    0.00  100.00
23:37:08       2    0.00    0.00    0.00    0.00    0.00    0.00    0.00    0.00    0.00  100.00
23:37:08       3    1.00    0.00    0.00    0.00    0.00    0.00    0.00    0.00    0.00   99.00
23:37:08       4    1.01    0.00    0.00    0.00    0.00    0.00    0.00    0.00    0.00   98.99
23:37:08       5    0.00    0.00    0.00    0.00    0.00    0.00    0.00    0.00    0.00  100.00
23:37:08       6    0.00    0.00    0.00    0.00    0.00    0.00    0.00    0.00    0.00  100.00
23:37:08       7    2.00    0.00    1.00    0.00    0.00    0.00    0.00    0.00    0.00   97.00
23:37:08       8    0.99    0.00    0.00    0.00    0.00    0.00    0.00    0.00    0.00   99.01
23:37:08       9    0.00    0.00    0.00    0.00    0.00    0.00    0.00    0.00    0.00  100.00
23:37:08      10    0.00    0.00    0.00    0.00    0.00    0.00    0.00    0.00    0.00  100.00
23:37:08      11    0.00    0.00    2.02    0.00    0.00    0.00    0.00    0.00    0.00   97.98

Average:     CPU    %usr   %nice    %sys %iowait    %irq   %soft  %steal  %guest  %gnice   %idle
Average:     all    0.27    0.00    0.27    0.00    0.00    0.02    0.00    0.00    0.00   99.45
Average:       0    0.00    0.00    0.00    0.00    0.00    0.00    0.00    0.00    0.00  100.00
Average:       1    0.00    0.00    0.20    0.00    0.00    0.00    0.00    0.00    0.00   99.80
Average:       2    0.00    0.00    0.00    0.00    0.00    0.00    0.00    0.00    0.00  100.00
Average:       3    0.20    0.00    0.00    0.00    0.00    0.00    0.00    0.00    0.00   99.80
Average:       4    0.20    0.00    0.20    0.00    0.00    0.00    0.00    0.00    0.00   99.60
Average:       5    0.00    0.00    0.20    0.00    0.00    0.00    0.00    0.00    0.00   99.80
Average:       6    0.40    0.00    0.40    0.00    0.00    0.00    0.00    0.00    0.00   99.20
Average:       7    1.80    0.00    1.00    0.00    0.00    0.20    0.00    0.00    0.00   97.00
Average:       8    0.20    0.00    0.40    0.00    0.00    0.00    0.00    0.00    0.00   99.40
Average:       9    0.00    0.00    0.20    0.00    0.00    0.00    0.00    0.00    0.00   99.80
Average:      10    0.40    0.00    0.20    0.00    0.00    0.00    0.00    0.00    0.00   99.40
Average:      11    0.00    0.00    0.40    0.00    0.00    0.00    0.00    0.00    0.00   99.60
