Linux 5.14.0-611.34.1.el9_7.x86_64 (benchmark-server) 	08/29/26 	_x86_64_	(12 CPU)

03:02:47     CPU    %usr   %nice    %sys %iowait    %irq   %soft  %steal  %guest  %gnice   %idle
03:02:48     all    0.17    0.00    0.17    0.00    0.00    0.00    0.00    0.00    0.00   99.67
03:02:48       0    0.00    0.00    0.99    0.00    0.00    0.00    0.00    0.00    0.00   99.01
03:02:48       1    0.99    0.00    0.99    0.00    0.00    0.00    0.00    0.00    0.00   98.02
03:02:48       2    0.00    0.00    0.00    0.00    0.00    0.00    0.00    0.00    0.00  100.00
03:02:48       3    0.00    0.00    0.00    0.00    0.00    0.00    0.00    0.00    0.00  100.00
03:02:48       4    0.00    0.00    0.00    0.00    0.00    0.00    0.00    0.00    0.00  100.00
03:02:48       5    0.00    0.00    0.00    0.00    0.00    0.00    0.00    0.00    0.00  100.00
03:02:48       6    0.00    0.00    0.00    0.00    0.00    0.00    0.00    0.00    0.00  100.00
03:02:48       7    0.00    0.00    0.00    0.00    0.00    0.00    0.00    0.00    0.00  100.00
03:02:48       8    0.00    0.00    0.00    0.00    0.00    0.00    0.00    0.00    0.00  100.00
03:02:48       9    0.00    0.00    0.00    0.00    0.00    0.00    0.00    0.00    0.00  100.00
03:02:48      10    0.99    0.00    0.00    0.00    0.00    0.00    0.00    0.00    0.00   99.01
03:02:48      11    0.00    0.00    0.00    0.00    0.00    0.00    0.00    0.00    0.00  100.00

03:02:48     CPU    %usr   %nice    %sys %iowait    %irq   %soft  %steal  %guest  %gnice   %idle
03:02:49     all    3.17    0.00    0.75    0.00    0.08    0.00    0.00    0.00    0.00   95.99
03:02:49       0   11.11    0.00    1.01    0.00    0.00    0.00    0.00    0.00    0.00   87.88
03:02:49       1    5.05    0.00    2.02    0.00    0.00    0.00    0.00    0.00    0.00   92.93
03:02:49       2    0.00    0.00    0.00    0.00    0.00    0.00    0.00    0.00    0.00  100.00
03:02:49       3    0.00    0.00    0.00    0.00    0.00    0.00    0.00    0.00    0.00  100.00
03:02:49       4    1.00    0.00    0.00    0.00    0.00    0.00    0.00    0.00    0.00   99.00
03:02:49       5    0.00    0.00    0.00    0.00    0.00    0.00    0.00    0.00    0.00  100.00
03:02:49       6    0.00    0.00    0.00    0.00    0.00    0.00    0.00    0.00    0.00  100.00
03:02:49       7    0.00    0.00    0.00    0.00    0.00    0.00    0.00    0.00    0.00  100.00
03:02:49       8    0.00    0.00    0.00    0.00    0.00    0.00    0.00    0.00    0.00  100.00
03:02:49       9   10.89    0.00    3.96    0.00    0.99    0.00    0.00    0.00    0.00   84.16
03:02:49      10    5.00    0.00    2.00    0.00    0.00    0.00    0.00    0.00    0.00   93.00
03:02:49      11    5.05    0.00    0.00    0.00    0.00    0.00    0.00    0.00    0.00   94.95

03:02:49     CPU    %usr   %nice    %sys %iowait    %irq   %soft  %steal  %guest  %gnice   %idle
03:02:50     all    0.25    0.00    0.08    0.00    0.00    0.00    0.00    0.00    0.00   99.67
03:02:50       0    1.00    0.00    0.00    0.00    0.00    0.00    0.00    0.00    0.00   99.00
03:02:50       1    0.00    0.00    1.00    0.00    0.00    0.00    0.00    0.00    0.00   99.00
03:02:50       2    0.00    0.00    0.00    0.00    0.00    0.00    0.00    0.00    0.00  100.00
03:02:50       3    0.00    0.00    0.00    0.00    0.00    0.00    0.00    0.00    0.00  100.00
03:02:50       4    0.00    0.00    0.00    0.00    0.00    0.00    0.00    0.00    0.00  100.00
03:02:50       5    0.00    0.00    0.00    0.00    0.00    0.00    0.00    0.00    0.00  100.00
03:02:50       6    0.00    0.00    0.00    0.00    0.00    0.00    0.00    0.00    0.00  100.00
03:02:50       7    0.00    0.00    0.00    0.00    0.00    0.00    0.00    0.00    0.00  100.00
03:02:50       8    0.00    0.00    0.00    0.00    0.00    0.00    0.00    0.00    0.00  100.00
03:02:50       9    1.00    0.00    0.00    0.00    0.00    0.00    0.00    0.00    0.00   99.00
03:02:50      10    0.99    0.00    0.00    0.00    0.00    0.00    0.00    0.00    0.00   99.01
03:02:50      11    0.00    0.00    0.00    0.00    0.00    0.00    0.00    0.00    0.00  100.00

03:02:50     CPU    %usr   %nice    %sys %iowait    %irq   %soft  %steal  %guest  %gnice   %idle
03:02:51     all    1.58    0.00    0.33    0.00    0.00    0.00    0.00    0.00    0.00   98.09
03:02:51       0    0.99    0.00    0.99    0.00    0.00    0.00    0.00    0.00    0.00   98.02
03:02:51       1    1.00    0.00    1.00    0.00    0.00    0.00    0.00    0.00    0.00   98.00
03:02:51       2    6.00    0.00    0.00    0.00    0.00    0.00    0.00    0.00    0.00   94.00
03:02:51       3    0.00    0.00    1.00    0.00    0.00    0.00    0.00    0.00    0.00   99.00
03:02:51       4    4.04    0.00    0.00    0.00    0.00    0.00    0.00    0.00    0.00   95.96
03:02:51       5    0.00    0.00    0.00    0.00    0.00    0.00    0.00    0.00    0.00  100.00
03:02:51       6    0.00    0.00    0.00    0.00    0.00    0.00    0.00    0.00    0.00  100.00
03:02:51       7    1.00    0.00    0.00    0.00    0.00    0.00    0.00    0.00    0.00   99.00
03:02:51       8    0.99    0.00    0.00    0.00    0.00    0.00    0.00    0.00    0.00   99.01
03:02:51       9    0.00    0.00    0.00    0.00    0.00    0.00    0.00    0.00    0.00  100.00
03:02:51      10    0.00    0.00    0.00    0.00    0.00    0.00    0.00    0.00    0.00  100.00
03:02:51      11    4.90    0.00    0.98    0.00    0.00    0.00    0.00    0.00    0.00   94.12

03:02:51     CPU    %usr   %nice    %sys %iowait    %irq   %soft  %steal  %guest  %gnice   %idle
03:02:52     all    0.08    0.00    0.08    0.00    0.00    0.08    0.00    0.00    0.00   99.75
03:02:52       0    1.00    0.00    0.00    0.00    0.00    0.00    0.00    0.00    0.00   99.00
03:02:52       1    0.00    0.00    0.00    0.00    0.00    0.00    0.00    0.00    0.00  100.00
03:02:52       2    0.00    0.00    0.00    0.00    0.00    0.00    0.00    0.00    0.00  100.00
03:02:52       3    0.00    0.00    0.00    0.00    0.00    0.99    0.00    0.00    0.00   99.01
03:02:52       4    0.00    0.00    0.00    0.00    0.00    0.00    0.00    0.00    0.00  100.00
03:02:52       5    0.00    0.00    0.00    0.00    0.00    0.00    0.00    0.00    0.00  100.00
03:02:52       6    0.00    0.00    0.00    0.00    0.00    0.00    0.00    0.00    0.00  100.00
03:02:52       7    0.00    0.00    1.00    0.00    0.00    0.00    0.00    0.00    0.00   99.00
03:02:52       8    0.00    0.00    0.00    0.00    0.00    0.00    0.00    0.00    0.00  100.00
03:02:52       9    0.00    0.00    0.00    0.00    0.00    0.00    0.00    0.00    0.00  100.00
03:02:52      10    0.00    0.00    0.00    0.00    0.00    0.00    0.00    0.00    0.00  100.00
03:02:52      11    0.00    0.00    0.00    0.00    0.00    0.00    0.00    0.00    0.00  100.00

Average:     CPU    %usr   %nice    %sys %iowait    %irq   %soft  %steal  %guest  %gnice   %idle
Average:     all    1.05    0.00    0.28    0.00    0.02    0.02    0.00    0.00    0.00   98.63
Average:       0    2.79    0.00    0.60    0.00    0.00    0.00    0.00    0.00    0.00   96.61
Average:       1    1.40    0.00    1.00    0.00    0.00    0.00    0.00    0.00    0.00   97.60
Average:       2    1.20    0.00    0.00    0.00    0.00    0.00    0.00    0.00    0.00   98.80
Average:       3    0.00    0.00    0.20    0.00    0.00    0.20    0.00    0.00    0.00   99.60
Average:       4    1.00    0.00    0.00    0.00    0.00    0.00    0.00    0.00    0.00   99.00
Average:       5    0.00    0.00    0.00    0.00    0.00    0.00    0.00    0.00    0.00  100.00
Average:       6    0.00    0.00    0.00    0.00    0.00    0.00    0.00    0.00    0.00  100.00
Average:       7    0.20    0.00    0.20    0.00    0.00    0.00    0.00    0.00    0.00   99.60
Average:       8    0.20    0.00    0.00    0.00    0.00    0.00    0.00    0.00    0.00   99.80
Average:       9    2.40    0.00    0.80    0.00    0.20    0.00    0.00    0.00    0.00   96.60
Average:      10    1.40    0.00    0.40    0.00    0.00    0.00    0.00    0.00    0.00   98.20
Average:      11    2.00    0.00    0.20    0.00    0.00    0.00    0.00    0.00    0.00   97.80
