Linux 5.14.0-611.34.1.el9_7.x86_64 (benchmark-server) 	08/28/26 	_x86_64_	(12 CPU)

23:43:38     CPU    %usr   %nice    %sys %iowait    %irq   %soft  %steal  %guest  %gnice   %idle
23:43:39     all    0.33    0.00    0.17    0.00    0.00    0.00    0.00    0.00    0.00   99.50
23:43:39       0    1.00    0.00    1.00    0.00    0.00    0.00    0.00    0.00    0.00   98.00
23:43:39       1    0.00    0.00    0.00    0.00    0.00    0.00    0.00    0.00    0.00  100.00
23:43:39       2    0.00    0.00    0.00    0.00    0.00    0.00    0.00    0.00    0.00  100.00
23:43:39       3    1.00    0.00    0.00    0.00    0.00    0.00    0.00    0.00    0.00   99.00
23:43:39       4    0.00    0.00    0.00    0.00    0.00    0.00    0.00    0.00    0.00  100.00
23:43:39       5    0.00    0.00    0.00    0.00    0.00    0.00    0.00    0.00    0.00  100.00
23:43:39       6    0.00    0.00    0.00    0.00    0.00    0.00    0.00    0.00    0.00  100.00
23:43:39       7    1.98    0.00    0.99    0.00    0.00    0.00    0.00    0.00    0.00   97.03
23:43:39       8    0.00    0.00    0.00    0.00    0.00    0.00    0.00    0.00    0.00  100.00
23:43:39       9    0.00    0.00    0.00    0.00    0.00    0.00    0.00    0.00    0.00  100.00
23:43:39      10    0.00    0.00    0.00    0.00    0.00    0.00    0.00    0.00    0.00  100.00
23:43:39      11    0.00    0.00    0.00    0.00    0.00    0.00    0.00    0.00    0.00  100.00

23:43:39     CPU    %usr   %nice    %sys %iowait    %irq   %soft  %steal  %guest  %gnice   %idle
23:43:40     all    0.08    0.00    0.33    0.00    0.00    0.00    0.00    0.00    0.00   99.58
23:43:40       0    0.00    0.00    0.00    0.00    0.00    0.00    0.00    0.00    0.00  100.00
23:43:40       1    0.00    0.00    0.00    0.00    0.00    0.00    0.00    0.00    0.00  100.00
23:43:40       2    0.00    0.00    1.00    0.00    0.00    0.00    0.00    0.00    0.00   99.00
23:43:40       3    0.00    0.00    1.98    0.00    0.00    0.00    0.00    0.00    0.00   98.02
23:43:40       4    0.00    0.00    0.99    0.00    0.00    0.00    0.00    0.00    0.00   99.01
23:43:40       5    0.00    0.00    0.00    0.00    0.00    0.00    0.00    0.00    0.00  100.00
23:43:40       6    0.00    0.00    0.00    0.00    0.00    0.00    0.00    0.00    0.00  100.00
23:43:40       7    0.00    0.00    0.00    0.00    0.00    0.00    0.00    0.00    0.00  100.00
23:43:40       8    0.00    0.00    0.00    0.00    0.00    0.00    0.00    0.00    0.00  100.00
23:43:40       9    0.00    0.00    0.00    0.00    0.00    0.00    0.00    0.00    0.00  100.00
23:43:40      10    0.00    0.00    0.00    0.00    0.00    0.00    0.00    0.00    0.00  100.00
23:43:40      11    0.99    0.00    0.00    0.00    0.00    0.00    0.00    0.00    0.00   99.01

23:43:40     CPU    %usr   %nice    %sys %iowait    %irq   %soft  %steal  %guest  %gnice   %idle
23:43:41     all    0.00    0.00    0.08    0.00    0.00    0.00    0.00    0.00    0.00   99.92
23:43:41       0    0.00    0.00    0.00    0.00    0.00    0.00    0.00    0.00    0.00  100.00
23:43:41       1    0.00    0.00    0.00    0.00    0.00    0.00    0.00    0.00    0.00  100.00
23:43:41       2    0.00    0.00    0.00    0.00    0.00    0.00    0.00    0.00    0.00  100.00
23:43:41       3    0.00    0.00    0.00    0.00    0.00    0.00    0.00    0.00    0.00  100.00
23:43:41       4    0.00    0.00    0.00    0.00    0.00    0.00    0.00    0.00    0.00  100.00
23:43:41       5    0.00    0.00    0.00    0.00    0.00    0.00    0.00    0.00    0.00  100.00
23:43:41       6    0.00    0.00    0.00    0.00    0.00    0.00    0.00    0.00    0.00  100.00
23:43:41       7    0.00    0.00    0.00    0.00    0.00    0.00    0.00    0.00    0.00  100.00
23:43:41       8    0.00    0.00    0.00    0.00    0.00    0.00    0.00    0.00    0.00  100.00
23:43:41       9    0.00    0.00    1.00    0.00    0.00    0.00    0.00    0.00    0.00   99.00
23:43:41      10    0.00    0.00    0.00    0.00    0.00    0.00    0.00    0.00    0.00  100.00
23:43:41      11    0.00    0.00    0.00    0.00    0.00    0.00    0.00    0.00    0.00  100.00

23:43:41     CPU    %usr   %nice    %sys %iowait    %irq   %soft  %steal  %guest  %gnice   %idle
23:43:42     all    0.42    0.00    0.25    0.00    0.00    0.00    0.00    0.00    0.00   99.33
23:43:42       0    2.00    0.00    1.00    0.00    0.00    0.00    0.00    0.00    0.00   97.00
23:43:42       1    0.00    0.00    0.00    0.00    0.00    0.00    0.00    0.00    0.00  100.00
23:43:42       2    1.00    0.00    1.00    0.00    0.00    0.00    0.00    0.00    0.00   98.00
23:43:42       3    0.00    0.00    1.00    0.00    0.00    0.00    0.00    0.00    0.00   99.00
23:43:42       4    0.00    0.00    0.00    0.00    0.00    0.00    0.00    0.00    0.00  100.00
23:43:42       5    0.00    0.00    0.00    0.00    0.00    0.00    0.00    0.00    0.00  100.00
23:43:42       6    0.00    0.00    0.00    0.00    0.00    0.00    0.00    0.00    0.00  100.00
23:43:42       7    0.00    0.00    0.00    0.00    0.00    0.00    0.00    0.00    0.00  100.00
23:43:42       8    1.01    0.00    0.00    0.00    0.00    0.00    0.00    0.00    0.00   98.99
23:43:42       9    0.00    0.00    0.00    0.00    0.00    0.00    0.00    0.00    0.00  100.00
23:43:42      10    0.99    0.00    0.00    0.00    0.00    0.00    0.00    0.00    0.00   99.01
23:43:42      11    0.00    0.00    0.00    0.00    0.00    0.00    0.00    0.00    0.00  100.00

23:43:42     CPU    %usr   %nice    %sys %iowait    %irq   %soft  %steal  %guest  %gnice   %idle
23:43:43     all    0.08    0.00    0.17    0.00    0.08    0.00    0.00    0.00    0.00   99.67
23:43:43       0    0.00    0.00    0.00    0.00    0.00    0.00    0.00    0.00    0.00  100.00
23:43:43       1    0.00    0.00    0.00    0.00    0.00    0.00    0.00    0.00    0.00  100.00
23:43:43       2    0.00    0.00    0.99    0.00    0.00    0.00    0.00    0.00    0.00   99.01
23:43:43       3    0.00    0.00    1.01    0.00    0.00    0.00    0.00    0.00    0.00   98.99
23:43:43       4    0.00    0.00    0.00    0.00    0.00    0.00    0.00    0.00    0.00  100.00
23:43:43       5    0.00    0.00    0.00    0.00    1.00    0.00    0.00    0.00    0.00   99.00
23:43:43       6    0.00    0.00    0.00    0.00    0.00    0.00    0.00    0.00    0.00  100.00
23:43:43       7    0.00    0.00    0.00    0.00    0.00    0.00    0.00    0.00    0.00  100.00
23:43:43       8    0.00    0.00    0.00    0.00    0.00    0.00    0.00    0.00    0.00  100.00
23:43:43       9    0.00    0.00    0.00    0.00    0.00    0.00    0.00    0.00    0.00  100.00
23:43:43      10    0.00    0.00    0.00    0.00    0.00    0.00    0.00    0.00    0.00  100.00
23:43:43      11    1.00    0.00    0.00    0.00    0.00    0.00    0.00    0.00    0.00   99.00

Average:     CPU    %usr   %nice    %sys %iowait    %irq   %soft  %steal  %guest  %gnice   %idle
Average:     all    0.18    0.00    0.20    0.00    0.02    0.00    0.00    0.00    0.00   99.60
Average:       0    0.60    0.00    0.40    0.00    0.00    0.00    0.00    0.00    0.00   99.00
Average:       1    0.00    0.00    0.00    0.00    0.00    0.00    0.00    0.00    0.00  100.00
Average:       2    0.20    0.00    0.60    0.00    0.00    0.00    0.00    0.00    0.00   99.20
Average:       3    0.20    0.00    0.80    0.00    0.00    0.00    0.00    0.00    0.00   99.00
Average:       4    0.00    0.00    0.20    0.00    0.00    0.00    0.00    0.00    0.00   99.80
Average:       5    0.00    0.00    0.00    0.00    0.20    0.00    0.00    0.00    0.00   99.80
Average:       6    0.00    0.00    0.00    0.00    0.00    0.00    0.00    0.00    0.00  100.00
Average:       7    0.40    0.00    0.20    0.00    0.00    0.00    0.00    0.00    0.00   99.40
Average:       8    0.20    0.00    0.00    0.00    0.00    0.00    0.00    0.00    0.00   99.80
Average:       9    0.00    0.00    0.20    0.00    0.00    0.00    0.00    0.00    0.00   99.80
Average:      10    0.20    0.00    0.00    0.00    0.00    0.00    0.00    0.00    0.00   99.80
Average:      11    0.40    0.00    0.00    0.00    0.00    0.00    0.00    0.00    0.00   99.60
