Linux 5.14.0-611.34.1.el9_7.x86_64 (benchmark-server) 	08/29/26 	_x86_64_	(12 CPU)

03:08:02     CPU    %usr   %nice    %sys %iowait    %irq   %soft  %steal  %guest  %gnice   %idle
03:08:03     all    1.09    0.00    0.25    0.00    0.00    0.00    0.00    0.00    0.00   98.66
03:08:03       0    1.00    0.00    0.00    0.00    0.00    0.00    0.00    0.00    0.00   99.00
03:08:03       1    2.02    0.00    1.01    0.00    0.00    0.00    0.00    0.00    0.00   96.97
03:08:03       2    5.00    0.00    1.00    0.00    0.00    0.00    0.00    0.00    0.00   94.00
03:08:03       3    1.00    0.00    0.00    0.00    0.00    0.00    0.00    0.00    0.00   99.00
03:08:03       4    0.00    0.00    0.00    0.00    0.00    0.00    0.00    0.00    0.00  100.00
03:08:03       5    3.03    0.00    0.00    0.00    0.00    0.00    0.00    0.00    0.00   96.97
03:08:03       6    0.00    0.00    0.00    0.00    0.00    0.00    0.00    0.00    0.00  100.00
03:08:03       7    0.00    0.00    0.00    0.00    0.00    0.00    0.00    0.00    0.00  100.00
03:08:03       8    0.00    0.00    0.00    0.00    0.00    0.00    0.00    0.00    0.00  100.00
03:08:03       9    0.00    0.00    1.00    0.00    0.00    0.00    0.00    0.00    0.00   99.00
03:08:03      10    0.00    0.00    0.00    0.00    0.00    0.00    0.00    0.00    0.00  100.00
03:08:03      11    1.01    0.00    0.00    0.00    0.00    0.00    0.00    0.00    0.00   98.99

03:08:03     CPU    %usr   %nice    %sys %iowait    %irq   %soft  %steal  %guest  %gnice   %idle
03:08:04     all    0.17    0.00    0.17    0.00    0.08    0.00    0.00    0.00    0.00   99.58
03:08:04       0    0.00    0.00    1.00    0.00    0.00    0.00    0.00    0.00    0.00   99.00
03:08:04       1    0.98    0.00    0.98    0.00    0.98    0.00    0.00    0.00    0.00   97.06
03:08:04       2    0.00    0.00    0.00    0.00    0.00    0.00    0.00    0.00    0.00  100.00
03:08:04       3    0.00    0.00    0.00    0.00    0.00    0.00    0.00    0.00    0.00  100.00
03:08:04       4    0.00    0.00    0.00    0.00    0.00    0.00    0.00    0.00    0.00  100.00
03:08:04       5    0.00    0.00    0.00    0.00    0.00    0.00    0.00    0.00    0.00  100.00
03:08:04       6    0.00    0.00    0.00    0.00    0.00    0.00    0.00    0.00    0.00  100.00
03:08:04       7    0.00    0.00    0.00    0.00    0.00    0.00    0.00    0.00    0.00  100.00
03:08:04       8    0.00    0.00    0.00    0.00    0.00    0.00    0.00    0.00    0.00  100.00
03:08:04       9    0.00    0.00    0.00    0.00    0.00    0.00    0.00    0.00    0.00  100.00
03:08:04      10    0.00    0.00    0.00    0.00    0.00    0.00    0.00    0.00    0.00  100.00
03:08:04      11    0.99    0.00    0.00    0.00    0.00    0.00    0.00    0.00    0.00   99.01

03:08:04     CPU    %usr   %nice    %sys %iowait    %irq   %soft  %steal  %guest  %gnice   %idle
03:08:05     all    0.08    0.00    0.08    0.00    0.00    0.00    0.00    0.00    0.00   99.83
03:08:05       0    0.99    0.00    0.00    0.00    0.00    0.00    0.00    0.00    0.00   99.01
03:08:05       1    0.00    0.00    1.01    0.00    0.00    0.00    0.00    0.00    0.00   98.99
03:08:05       2    0.00    0.00    0.00    0.00    0.00    0.00    0.00    0.00    0.00  100.00
03:08:05       3    0.00    0.00    0.00    0.00    0.00    0.00    0.00    0.00    0.00  100.00
03:08:05       4    0.00    0.00    0.00    0.00    0.00    0.00    0.00    0.00    0.00  100.00
03:08:05       5    0.00    0.00    0.00    0.00    0.00    0.00    0.00    0.00    0.00  100.00
03:08:05       6    0.00    0.00    0.00    0.00    0.00    0.00    0.00    0.00    0.00  100.00
03:08:05       7    0.00    0.00    0.00    0.00    0.00    0.00    0.00    0.00    0.00  100.00
03:08:05       8    0.00    0.00    0.00    0.00    0.00    0.00    0.00    0.00    0.00  100.00
03:08:05       9    0.00    0.00    0.00    0.00    0.00    0.00    0.00    0.00    0.00  100.00
03:08:05      10    0.00    0.00    0.00    0.00    0.00    0.00    0.00    0.00    0.00  100.00
03:08:05      11    0.00    0.00    0.00    0.00    0.00    0.00    0.00    0.00    0.00  100.00

03:08:05     CPU    %usr   %nice    %sys %iowait    %irq   %soft  %steal  %guest  %gnice   %idle
03:08:06     all    0.08    0.00    0.17    0.00    0.00    0.00    0.00    0.00    0.00   99.75
03:08:06       0    0.00    0.00    0.00    0.00    0.00    0.00    0.00    0.00    0.00  100.00
03:08:06       1    0.99    0.00    0.99    0.00    0.00    0.00    0.00    0.00    0.00   98.02
03:08:06       2    0.00    0.00    0.00    0.00    0.00    0.00    0.00    0.00    0.00  100.00
03:08:06       3    0.00    0.00    0.00    0.00    0.00    0.00    0.00    0.00    0.00  100.00
03:08:06       4    0.00    0.00    0.99    0.00    0.00    0.00    0.00    0.00    0.00   99.01
03:08:06       5    0.00    0.00    0.00    0.00    0.00    0.00    0.00    0.00    0.00  100.00
03:08:06       6    0.00    0.00    0.00    0.00    0.00    0.00    0.00    0.00    0.00  100.00
03:08:06       7    0.00    0.00    0.00    0.00    0.00    0.00    0.00    0.00    0.00  100.00
03:08:06       8    0.00    0.00    0.00    0.00    0.00    0.00    0.00    0.00    0.00  100.00
03:08:06       9    0.00    0.00    0.00    0.00    0.00    0.00    0.00    0.00    0.00  100.00
03:08:06      10    0.00    0.00    0.00    0.00    0.00    0.00    0.00    0.00    0.00  100.00
03:08:06      11    0.00    0.00    0.00    0.00    0.00    0.00    0.00    0.00    0.00  100.00

03:08:06     CPU    %usr   %nice    %sys %iowait    %irq   %soft  %steal  %guest  %gnice   %idle
03:08:07     all    0.00    0.00    0.17    0.00    0.08    0.00    0.00    0.00    0.00   99.75
03:08:07       0    0.00    0.00    0.99    0.00    0.99    0.00    0.00    0.00    0.00   98.02
03:08:07       1    0.00    0.00    1.01    0.00    0.00    0.00    0.00    0.00    0.00   98.99
03:08:07       2    0.00    0.00    0.00    0.00    0.00    0.00    0.00    0.00    0.00  100.00
03:08:07       3    0.00    0.00    0.00    0.00    0.00    0.00    0.00    0.00    0.00  100.00
03:08:07       4    0.00    0.00    0.00    0.00    0.00    0.00    0.00    0.00    0.00  100.00
03:08:07       5    0.00    0.00    0.00    0.00    0.00    0.00    0.00    0.00    0.00  100.00
03:08:07       6    0.00    0.00    0.00    0.00    0.00    0.00    0.00    0.00    0.00  100.00
03:08:07       7    0.00    0.00    0.00    0.00    0.00    0.00    0.00    0.00    0.00  100.00
03:08:07       8    0.00    0.00    0.00    0.00    0.00    0.00    0.00    0.00    0.00  100.00
03:08:07       9    0.00    0.00    0.00    0.00    0.00    0.00    0.00    0.00    0.00  100.00
03:08:07      10    0.00    0.00    0.00    0.00    0.00    0.00    0.00    0.00    0.00  100.00
03:08:07      11    0.00    0.00    0.00    0.00    0.00    0.00    0.00    0.00    0.00  100.00

Average:     CPU    %usr   %nice    %sys %iowait    %irq   %soft  %steal  %guest  %gnice   %idle
Average:     all    0.28    0.00    0.17    0.00    0.03    0.00    0.00    0.00    0.00   99.52
Average:       0    0.40    0.00    0.40    0.00    0.20    0.00    0.00    0.00    0.00   99.00
Average:       1    0.80    0.00    1.00    0.00    0.20    0.00    0.00    0.00    0.00   98.00
Average:       2    1.00    0.00    0.20    0.00    0.00    0.00    0.00    0.00    0.00   98.80
Average:       3    0.20    0.00    0.00    0.00    0.00    0.00    0.00    0.00    0.00   99.80
Average:       4    0.00    0.00    0.20    0.00    0.00    0.00    0.00    0.00    0.00   99.80
Average:       5    0.60    0.00    0.00    0.00    0.00    0.00    0.00    0.00    0.00   99.40
Average:       6    0.00    0.00    0.00    0.00    0.00    0.00    0.00    0.00    0.00  100.00
Average:       7    0.00    0.00    0.00    0.00    0.00    0.00    0.00    0.00    0.00  100.00
Average:       8    0.00    0.00    0.00    0.00    0.00    0.00    0.00    0.00    0.00  100.00
Average:       9    0.00    0.00    0.20    0.00    0.00    0.00    0.00    0.00    0.00   99.80
Average:      10    0.00    0.00    0.00    0.00    0.00    0.00    0.00    0.00    0.00  100.00
Average:      11    0.40    0.00    0.00    0.00    0.00    0.00    0.00    0.00    0.00   99.60
