Linux 5.14.0-611.34.1.el9_7.x86_64 (benchmark-server) 	08/28/26 	_x86_64_	(12 CPU)

23:46:34     CPU    %usr   %nice    %sys %iowait    %irq   %soft  %steal  %guest  %gnice   %idle
23:46:35     all    0.25    0.00    0.25    0.00    0.00    0.00    0.00    0.00    0.00   99.50
23:46:35       0    0.00    0.00    0.00    0.00    0.00    0.00    0.00    0.00    0.00  100.00
23:46:35       1    0.00    0.00    0.00    0.00    0.00    0.00    0.00    0.00    0.00  100.00
23:46:35       2    0.99    0.00    0.99    0.00    0.00    0.00    0.00    0.00    0.00   98.02
23:46:35       3    0.00    0.00    1.00    0.00    0.00    0.00    0.00    0.00    0.00   99.00
23:46:35       4    0.00    0.00    0.00    0.00    0.00    0.00    0.00    0.00    0.00  100.00
23:46:35       5    0.00    0.00    0.00    0.00    0.00    0.00    0.00    0.00    0.00  100.00
23:46:35       6    0.00    0.00    0.00    0.00    0.00    0.00    0.00    0.00    0.00  100.00
23:46:35       7    0.00    0.00    0.00    0.00    0.00    0.00    0.00    0.00    0.00  100.00
23:46:35       8    0.00    0.00    0.00    0.00    0.00    0.00    0.00    0.00    0.00  100.00
23:46:35       9    1.00    0.00    1.00    0.00    0.00    0.00    0.00    0.00    0.00   98.00
23:46:35      10    0.00    0.00    0.00    0.00    0.00    0.00    0.00    0.00    0.00  100.00
23:46:35      11    0.99    0.00    0.00    0.00    0.00    0.00    0.00    0.00    0.00   99.01

23:46:35     CPU    %usr   %nice    %sys %iowait    %irq   %soft  %steal  %guest  %gnice   %idle
23:46:36     all    0.17    0.00    0.25    0.00    0.00    0.00    0.00    0.00    0.00   99.58
23:46:36       0    0.00    0.00    1.00    0.00    0.00    0.00    0.00    0.00    0.00   99.00
23:46:36       1    0.99    0.00    0.00    0.00    0.00    0.00    0.00    0.00    0.00   99.01
23:46:36       2    0.00    0.00    0.00    0.00    0.00    0.00    0.00    0.00    0.00  100.00
23:46:36       3    0.99    0.00    0.99    0.00    0.00    0.00    0.00    0.00    0.00   98.02
23:46:36       4    0.00    0.00    0.00    0.00    0.00    0.00    0.00    0.00    0.00  100.00
23:46:36       5    0.00    0.00    0.00    0.00    0.00    0.00    0.00    0.00    0.00  100.00
23:46:36       6    0.00    0.00    0.00    0.00    0.00    0.00    0.00    0.00    0.00  100.00
23:46:36       7    0.00    0.00    0.00    0.00    0.00    0.00    0.00    0.00    0.00  100.00
23:46:36       8    0.00    0.00    0.00    0.00    0.00    0.00    0.00    0.00    0.00  100.00
23:46:36       9    0.00    0.00    0.00    0.00    0.00    0.00    0.00    0.00    0.00  100.00
23:46:36      10    0.00    0.00    0.00    0.00    0.00    0.00    0.00    0.00    0.00  100.00
23:46:36      11    0.00    0.00    1.00    0.00    0.00    0.00    0.00    0.00    0.00   99.00

23:46:36     CPU    %usr   %nice    %sys %iowait    %irq   %soft  %steal  %guest  %gnice   %idle
23:46:37     all    0.50    0.00    0.17    0.00    0.00    0.08    0.00    0.00    0.00   99.25
23:46:37       0    4.00    0.00    0.00    0.00    0.00    0.00    0.00    0.00    0.00   96.00
23:46:37       1    0.00    0.00    0.00    0.00    0.00    0.00    0.00    0.00    0.00  100.00
23:46:37       2    0.98    0.00    0.98    0.00    0.00    0.00    0.00    0.00    0.00   98.04
23:46:37       3    0.00    0.00    0.00    0.00    0.00    0.00    0.00    0.00    0.00  100.00
23:46:37       4    0.00    0.00    0.00    0.00    0.00    0.00    0.00    0.00    0.00  100.00
23:46:37       5    0.99    0.00    0.99    0.00    0.00    0.00    0.00    0.00    0.00   98.02
23:46:37       6    0.00    0.00    0.00    0.00    0.00    0.00    0.00    0.00    0.00  100.00
23:46:37       7    0.00    0.00    0.00    0.00    0.00    0.99    0.00    0.00    0.00   99.01
23:46:37       8    0.00    0.00    0.00    0.00    0.00    0.00    0.00    0.00    0.00  100.00
23:46:37       9    0.00    0.00    0.00    0.00    0.00    0.00    0.00    0.00    0.00  100.00
23:46:37      10    0.00    0.00    0.00    0.00    0.00    0.00    0.00    0.00    0.00  100.00
23:46:37      11    0.00    0.00    0.00    0.00    0.00    0.00    0.00    0.00    0.00  100.00

23:46:37     CPU    %usr   %nice    %sys %iowait    %irq   %soft  %steal  %guest  %gnice   %idle
23:46:38     all    0.25    0.00    0.25    0.00    0.00    0.00    0.00    0.00    0.00   99.50
23:46:38       0    2.00    0.00    1.00    0.00    0.00    0.00    0.00    0.00    0.00   97.00
23:46:38       1    1.01    0.00    0.00    0.00    0.00    0.00    0.00    0.00    0.00   98.99
23:46:38       2    0.00    0.00    1.00    0.00    0.00    0.00    0.00    0.00    0.00   99.00
23:46:38       3    0.00    0.00    1.00    0.00    0.00    0.00    0.00    0.00    0.00   99.00
23:46:38       4    0.00    0.00    0.00    0.00    0.00    0.00    0.00    0.00    0.00  100.00
23:46:38       5    0.00    0.00    0.00    0.00    0.00    0.00    0.00    0.00    0.00  100.00
23:46:38       6    0.00    0.00    0.00    0.00    0.00    0.00    0.00    0.00    0.00  100.00
23:46:38       7    0.00    0.00    0.00    0.00    0.00    0.00    0.00    0.00    0.00  100.00
23:46:38       8    0.00    0.00    0.00    0.00    0.00    0.00    0.00    0.00    0.00  100.00
23:46:38       9    0.00    0.00    0.00    0.00    0.00    0.00    0.00    0.00    0.00  100.00
23:46:38      10    0.00    0.00    0.00    0.00    0.00    0.00    0.00    0.00    0.00  100.00
23:46:38      11    0.00    0.00    0.00    0.00    0.00    0.00    0.00    0.00    0.00  100.00

23:46:38     CPU    %usr   %nice    %sys %iowait    %irq   %soft  %steal  %guest  %gnice   %idle
23:46:39     all    0.08    0.00    0.17    0.00    0.00    0.00    0.00    0.00    0.00   99.75
23:46:39       0    0.00    0.00    0.00    0.00    0.00    0.00    0.00    0.00    0.00  100.00
23:46:39       1    0.00    0.00    0.00    0.00    0.00    0.00    0.00    0.00    0.00  100.00
23:46:39       2    0.00    0.00    0.00    0.00    0.00    0.00    0.00    0.00    0.00  100.00
23:46:39       3    0.00    0.00    0.00    0.00    0.00    0.00    0.00    0.00    0.00  100.00
23:46:39       4    0.00    0.00    0.00    0.00    0.00    0.00    0.00    0.00    0.00  100.00
23:46:39       5    0.00    0.00    0.00    0.00    0.00    0.00    0.00    0.00    0.00  100.00
23:46:39       6    0.00    0.00    0.00    0.00    0.00    0.00    0.00    0.00    0.00  100.00
23:46:39       7    0.00    0.00    0.00    0.00    0.00    0.00    0.00    0.00    0.00  100.00
23:46:39       8    0.00    0.00    0.00    0.00    0.00    0.00    0.00    0.00    0.00  100.00
23:46:39       9    0.00    0.00    1.98    0.00    0.00    0.00    0.00    0.00    0.00   98.02
23:46:39      10    0.00    0.00    0.00    0.00    0.00    0.00    0.00    0.00    0.00  100.00
23:46:39      11    0.99    0.00    0.00    0.00    0.00    0.00    0.00    0.00    0.00   99.01

Average:     CPU    %usr   %nice    %sys %iowait    %irq   %soft  %steal  %guest  %gnice   %idle
Average:     all    0.25    0.00    0.22    0.00    0.00    0.02    0.00    0.00    0.00   99.52
Average:       0    1.20    0.00    0.40    0.00    0.00    0.00    0.00    0.00    0.00   98.40
Average:       1    0.40    0.00    0.00    0.00    0.00    0.00    0.00    0.00    0.00   99.60
Average:       2    0.40    0.00    0.60    0.00    0.00    0.00    0.00    0.00    0.00   99.00
Average:       3    0.20    0.00    0.60    0.00    0.00    0.00    0.00    0.00    0.00   99.20
Average:       4    0.00    0.00    0.00    0.00    0.00    0.00    0.00    0.00    0.00  100.00
Average:       5    0.20    0.00    0.20    0.00    0.00    0.00    0.00    0.00    0.00   99.60
Average:       6    0.00    0.00    0.00    0.00    0.00    0.00    0.00    0.00    0.00  100.00
Average:       7    0.00    0.00    0.00    0.00    0.00    0.20    0.00    0.00    0.00   99.80
Average:       8    0.00    0.00    0.00    0.00    0.00    0.00    0.00    0.00    0.00  100.00
Average:       9    0.20    0.00    0.60    0.00    0.00    0.00    0.00    0.00    0.00   99.20
Average:      10    0.00    0.00    0.00    0.00    0.00    0.00    0.00    0.00    0.00  100.00
Average:      11    0.40    0.00    0.20    0.00    0.00    0.00    0.00    0.00    0.00   99.40
