Linux 5.14.0-611.34.1.el9_7.x86_64 (benchmark-server) 	08/28/26 	_x86_64_	(12 CPU)

23:35:18     CPU    %usr   %nice    %sys %iowait    %irq   %soft  %steal  %guest  %gnice   %idle
23:35:19     all    0.75    0.00    0.67    0.00    0.00    0.00    0.00    0.00    0.00   98.58
23:35:19       0    1.01    0.00    0.00    0.00    0.00    0.00    0.00    0.00    0.00   98.99
23:35:19       1    0.00    0.00    0.00    0.00    0.00    0.00    0.00    0.00    0.00  100.00
23:35:19       2    0.99    0.00    0.99    0.00    0.00    0.00    0.00    0.00    0.00   98.02
23:35:19       3    3.00    0.00    1.00    0.00    0.00    0.00    0.00    0.00    0.00   96.00
23:35:19       4    0.00    0.00    1.02    0.00    0.00    0.00    0.00    0.00    0.00   98.98
23:35:19       5    2.00    0.00    1.00    0.00    0.00    0.00    0.00    0.00    0.00   97.00
23:35:19       6    0.00    0.00    0.00    0.00    0.00    0.00    0.00    0.00    0.00  100.00
23:35:19       7    1.00    0.00    2.00    0.00    0.00    0.00    0.00    0.00    0.00   97.00
23:35:19       8    0.00    0.00    0.00    0.00    0.00    0.00    0.00    0.00    0.00  100.00
23:35:19       9    1.01    0.00    0.00    0.00    0.00    0.00    0.00    0.00    0.00   98.99
23:35:19      10    0.00    0.00    1.01    0.00    0.00    0.00    0.00    0.00    0.00   98.99
23:35:19      11    0.00    0.00    1.00    0.00    0.00    0.00    0.00    0.00    0.00   99.00

23:35:19     CPU    %usr   %nice    %sys %iowait    %irq   %soft  %steal  %guest  %gnice   %idle
23:35:20     all    0.17    0.00    0.41    0.00    0.08    0.00    0.00    0.00    0.00   99.34
23:35:20       0    0.00    0.00    0.99    0.00    0.00    0.00    0.00    0.00    0.00   99.01
23:35:20       1    0.98    0.00    0.98    0.00    0.00    0.00    0.00    0.00    0.00   98.04
23:35:20       2    0.00    0.00    0.00    0.00    0.00    0.00    0.00    0.00    0.00  100.00
23:35:20       3    0.00    0.00    0.00    0.00    0.00    0.00    0.00    0.00    0.00  100.00
23:35:20       4    0.99    0.00    0.00    0.00    0.00    0.00    0.00    0.00    0.00   99.01
23:35:20       5    0.00    0.00    1.00    0.00    0.00    0.00    0.00    0.00    0.00   99.00
23:35:20       6    0.00    0.00    0.00    0.00    0.00    0.00    0.00    0.00    0.00  100.00
23:35:20       7    0.00    0.00    0.00    0.00    0.00    0.00    0.00    0.00    0.00  100.00
23:35:20       8    0.00    0.00    0.00    0.00    0.00    0.00    0.00    0.00    0.00  100.00
23:35:20       9    0.00    0.00    0.99    0.00    0.99    0.00    0.00    0.00    0.00   98.02
23:35:20      10    0.00    0.00    0.99    0.00    0.00    0.00    0.00    0.00    0.00   99.01
23:35:20      11    0.00    0.00    0.00    0.00    0.00    0.00    0.00    0.00    0.00  100.00

23:35:20     CPU    %usr   %nice    %sys %iowait    %irq   %soft  %steal  %guest  %gnice   %idle
23:35:21     all    0.08    0.00    0.17    0.00    0.00    0.08    0.00    0.00    0.00   99.67
23:35:21       0    0.00    0.00    0.00    0.00    0.00    0.00    0.00    0.00    0.00  100.00
23:35:21       1    0.00    0.00    0.00    0.00    0.00    0.00    0.00    0.00    0.00  100.00
23:35:21       2    0.00    0.00    0.00    0.00    0.00    0.00    0.00    0.00    0.00  100.00
23:35:21       3    0.00    0.00    1.00    0.00    0.00    0.00    0.00    0.00    0.00   99.00
23:35:21       4    0.00    0.00    0.00    0.00    0.00    1.00    0.00    0.00    0.00   99.00
23:35:21       5    0.00    0.00    1.01    0.00    0.00    0.00    0.00    0.00    0.00   98.99
23:35:21       6    0.00    0.00    0.00    0.00    0.00    0.00    0.00    0.00    0.00  100.00
23:35:21       7    0.00    0.00    0.00    0.00    0.00    0.00    0.00    0.00    0.00  100.00
23:35:21       8    0.00    0.00    0.00    0.00    0.00    0.00    0.00    0.00    0.00  100.00
23:35:21       9    0.99    0.00    0.00    0.00    0.00    0.00    0.00    0.00    0.00   99.01
23:35:21      10    0.00    0.00    0.00    0.00    0.00    0.00    0.00    0.00    0.00  100.00
23:35:21      11    0.00    0.00    0.00    0.00    0.00    0.00    0.00    0.00    0.00  100.00

23:35:21     CPU    %usr   %nice    %sys %iowait    %irq   %soft  %steal  %guest  %gnice   %idle
23:35:22     all    0.50    0.00    0.17    0.00    0.00    0.00    0.00    0.00    0.00   99.33
23:35:22       0    0.00    0.00    0.00    0.00    0.00    0.00    0.00    0.00    0.00  100.00
23:35:22       1    2.02    0.00    0.00    0.00    0.00    0.00    0.00    0.00    0.00   97.98
23:35:22       2    0.00    0.00    0.00    0.00    0.00    0.00    0.00    0.00    0.00  100.00
23:35:22       3    1.00    0.00    0.00    0.00    0.00    0.00    0.00    0.00    0.00   99.00
23:35:22       4    2.00    0.00    1.00    0.00    0.00    0.00    0.00    0.00    0.00   97.00
23:35:22       5    1.00    0.00    1.00    0.00    0.00    0.00    0.00    0.00    0.00   98.00
23:35:22       6    0.00    0.00    0.00    0.00    0.00    0.00    0.00    0.00    0.00  100.00
23:35:22       7    0.00    0.00    0.00    0.00    0.00    0.00    0.00    0.00    0.00  100.00
23:35:22       8    0.00    0.00    0.00    0.00    0.00    0.00    0.00    0.00    0.00  100.00
23:35:22       9    0.00    0.00    0.00    0.00    0.00    0.00    0.00    0.00    0.00  100.00
23:35:22      10    0.00    0.00    0.00    0.00    0.00    0.00    0.00    0.00    0.00  100.00
23:35:22      11    0.00    0.00    0.00    0.00    0.00    0.00    0.00    0.00    0.00  100.00

23:35:22     CPU    %usr   %nice    %sys %iowait    %irq   %soft  %steal  %guest  %gnice   %idle
23:35:23     all    0.17    0.00    0.25    0.00    0.00    0.00    0.00    0.00    0.00   99.58
23:35:23       0    0.00    0.00    0.00    0.00    0.00    0.00    0.00    0.00    0.00  100.00
23:35:23       1    0.00    0.00    0.00    0.00    0.00    0.00    0.00    0.00    0.00  100.00
23:35:23       2    0.00    0.00    0.99    0.00    0.00    0.00    0.00    0.00    0.00   99.01
23:35:23       3    1.00    0.00    1.00    0.00    0.00    0.00    0.00    0.00    0.00   98.00
23:35:23       4    0.00    0.00    0.00    0.00    0.00    0.00    0.00    0.00    0.00  100.00
23:35:23       5    0.00    0.00    1.00    0.00    0.00    0.00    0.00    0.00    0.00   99.00
23:35:23       6    0.99    0.00    0.00    0.00    0.00    0.00    0.00    0.00    0.00   99.01
23:35:23       7    0.00    0.00    0.00    0.00    0.00    0.00    0.00    0.00    0.00  100.00
23:35:23       8    0.00    0.00    0.00    0.00    0.00    0.00    0.00    0.00    0.00  100.00
23:35:23       9    0.00    0.00    0.00    0.00    0.00    0.00    0.00    0.00    0.00  100.00
23:35:23      10    0.00    0.00    0.00    0.00    0.00    0.00    0.00    0.00    0.00  100.00
23:35:23      11    0.00    0.00    0.00    0.00    0.00    0.00    0.00    0.00    0.00  100.00

Average:     CPU    %usr   %nice    %sys %iowait    %irq   %soft  %steal  %guest  %gnice   %idle
Average:     all    0.33    0.00    0.33    0.00    0.02    0.02    0.00    0.00    0.00   99.30
Average:       0    0.20    0.00    0.20    0.00    0.00    0.00    0.00    0.00    0.00   99.60
Average:       1    0.60    0.00    0.20    0.00    0.00    0.00    0.00    0.00    0.00   99.20
Average:       2    0.20    0.00    0.40    0.00    0.00    0.00    0.00    0.00    0.00   99.40
Average:       3    1.00    0.00    0.60    0.00    0.00    0.00    0.00    0.00    0.00   98.40
Average:       4    0.60    0.00    0.40    0.00    0.00    0.20    0.00    0.00    0.00   98.80
Average:       5    0.60    0.00    1.00    0.00    0.00    0.00    0.00    0.00    0.00   98.40
Average:       6    0.20    0.00    0.00    0.00    0.00    0.00    0.00    0.00    0.00   99.80
Average:       7    0.20    0.00    0.40    0.00    0.00    0.00    0.00    0.00    0.00   99.40
Average:       8    0.00    0.00    0.00    0.00    0.00    0.00    0.00    0.00    0.00  100.00
Average:       9    0.40    0.00    0.20    0.00    0.20    0.00    0.00    0.00    0.00   99.20
Average:      10    0.00    0.00    0.40    0.00    0.00    0.00    0.00    0.00    0.00   99.60
Average:      11    0.00    0.00    0.20    0.00    0.00    0.00    0.00    0.00    0.00   99.80
