Linux 5.14.0-611.34.1.el9_7.x86_64 (benchmark-server) 	08/29/26 	_x86_64_	(12 CPU)

03:22:58     CPU    %usr   %nice    %sys %iowait    %irq   %soft  %steal  %guest  %gnice   %idle
03:22:59     all    0.00    0.00    0.25    0.00    0.00    0.00    0.00    0.00    0.00   99.75
03:22:59       0    0.00    0.00    0.00    0.00    0.00    0.00    0.00    0.00    0.00  100.00
03:22:59       1    0.00    0.00    0.00    0.00    0.00    0.00    0.00    0.00    0.00  100.00
03:22:59       2    0.00    0.00    0.00    0.00    0.00    0.00    0.00    0.00    0.00  100.00
03:22:59       3    0.00    0.00    0.00    0.00    0.00    0.00    0.00    0.00    0.00  100.00
03:22:59       4    0.00    0.00    0.00    0.00    0.00    0.00    0.00    0.00    0.00  100.00
03:22:59       5    0.00    0.00    0.00    0.00    0.00    0.00    0.00    0.00    0.00  100.00
03:22:59       6    0.00    0.00    0.00    0.00    0.00    0.00    0.00    0.00    0.00  100.00
03:22:59       7    0.00    0.00    1.01    0.00    0.00    0.00    0.00    0.00    0.00   98.99
03:22:59       8    0.00    0.00    1.00    0.00    0.00    0.00    0.00    0.00    0.00   99.00
03:22:59       9    0.00    0.00    0.00    0.00    0.00    0.00    0.00    0.00    0.00  100.00
03:22:59      10    0.00    0.00    0.00    0.00    0.00    0.00    0.00    0.00    0.00  100.00
03:22:59      11    0.00    0.00    1.00    0.00    0.00    0.00    0.00    0.00    0.00   99.00

03:22:59     CPU    %usr   %nice    %sys %iowait    %irq   %soft  %steal  %guest  %gnice   %idle
03:23:00     all    0.67    0.00    0.17    0.00    0.00    0.00    0.00    0.00    0.00   99.17
03:23:00       0    0.00    0.00    0.00    0.00    0.00    0.00    0.00    0.00    0.00  100.00
03:23:00       1    0.00    0.00    0.00    0.00    0.00    0.00    0.00    0.00    0.00  100.00
03:23:00       2    0.00    0.00    0.00    0.00    0.00    0.00    0.00    0.00    0.00  100.00
03:23:00       3    0.00    0.00    0.00    0.00    0.00    0.00    0.00    0.00    0.00  100.00
03:23:00       4    0.00    0.00    0.00    0.00    0.00    0.00    0.00    0.00    0.00  100.00
03:23:00       5    0.00    0.00    0.00    0.00    0.00    0.00    0.00    0.00    0.00  100.00
03:23:00       6    0.00    0.00    0.00    0.00    0.00    0.00    0.00    0.00    0.00  100.00
03:23:00       7    0.99    0.00    0.00    0.00    0.00    0.00    0.00    0.00    0.00   99.01
03:23:00       8    6.00    0.00    1.00    0.00    0.00    0.00    0.00    0.00    0.00   93.00
03:23:00       9    1.00    0.00    0.00    0.00    0.00    0.00    0.00    0.00    0.00   99.00
03:23:00      10    0.00    0.00    1.01    0.00    0.00    0.00    0.00    0.00    0.00   98.99
03:23:00      11    0.00    0.00    0.00    0.00    0.00    0.00    0.00    0.00    0.00  100.00

03:23:00     CPU    %usr   %nice    %sys %iowait    %irq   %soft  %steal  %guest  %gnice   %idle
03:23:01     all    2.26    0.00    0.92    0.00    0.00    0.00    0.00    0.00    0.00   96.82
03:23:01       0    9.00    0.00    3.00    0.00    0.00    0.00    0.00    0.00    0.00   88.00
03:23:01       1    8.08    0.00    2.02    0.00    0.00    0.00    0.00    0.00    0.00   89.90
03:23:01       2    3.03    0.00    0.00    0.00    0.00    0.00    0.00    0.00    0.00   96.97
03:23:01       3    0.00    0.00    0.99    0.00    0.00    0.00    0.00    0.00    0.00   99.01
03:23:01       4    0.00    0.00    0.00    0.00    0.00    0.00    0.00    0.00    0.00  100.00
03:23:01       5    0.00    0.00    0.00    0.00    0.00    0.00    0.00    0.00    0.00  100.00
03:23:01       6    1.00    0.00    0.00    0.00    0.00    0.00    0.00    0.00    0.00   99.00
03:23:01       7    0.00    0.00    0.00    0.00    0.00    0.00    0.00    0.00    0.00  100.00
03:23:01       8    0.00    0.00    1.01    0.00    0.00    0.00    0.00    0.00    0.00   98.99
03:23:01       9    5.05    0.00    2.02    0.00    0.00    0.00    0.00    0.00    0.00   92.93
03:23:01      10    0.99    0.00    1.98    0.00    0.00    0.00    0.00    0.00    0.00   97.03
03:23:01      11    0.00    0.00    0.00    0.00    0.00    0.00    0.00    0.00    0.00  100.00

03:23:01     CPU    %usr   %nice    %sys %iowait    %irq   %soft  %steal  %guest  %gnice   %idle
03:23:02     all    0.91    0.00    0.58    0.00    0.00    0.00    0.00    0.00    0.00   98.51
03:23:02       0    1.00    0.00    0.00    0.00    0.00    0.00    0.00    0.00    0.00   99.00
03:23:02       1    1.98    0.00    0.99    0.00    0.00    0.00    0.00    0.00    0.00   97.03
03:23:02       2    3.96    0.00    1.98    0.00    0.00    0.00    0.00    0.00    0.00   94.06
03:23:02       3    0.99    0.00    0.00    0.00    0.00    0.00    0.00    0.00    0.00   99.01
03:23:02       4    0.00    0.00    0.00    0.00    0.00    0.00    0.00    0.00    0.00  100.00
03:23:02       5    0.00    0.00    0.00    0.00    0.00    0.00    0.00    0.00    0.00  100.00
03:23:02       6    0.00    0.00    0.00    0.00    0.00    0.00    0.00    0.00    0.00  100.00
03:23:02       7    0.99    0.00    0.00    0.00    0.00    0.00    0.00    0.00    0.00   99.01
03:23:02       8    0.99    0.00    0.99    0.00    0.00    0.00    0.00    0.00    0.00   98.02
03:23:02       9    0.00    0.00    0.99    0.00    0.00    0.00    0.00    0.00    0.00   99.01
03:23:02      10    1.00    0.00    1.00    0.00    0.00    0.00    0.00    0.00    0.00   98.00
03:23:02      11    0.00    0.00    1.00    0.00    0.00    0.00    0.00    0.00    0.00   99.00

03:23:02     CPU    %usr   %nice    %sys %iowait    %irq   %soft  %steal  %guest  %gnice   %idle
03:23:03     all    0.25    0.00    0.17    0.00    0.00    0.08    0.00    0.00    0.00   99.50
03:23:03       0    0.00    0.00    0.00    0.00    0.00    1.00    0.00    0.00    0.00   99.00
03:23:03       1    0.00    0.00    0.00    0.00    0.00    0.00    0.00    0.00    0.00  100.00
03:23:03       2    0.00    0.00    0.00    0.00    0.00    0.00    0.00    0.00    0.00  100.00
03:23:03       3    0.00    0.00    0.00    0.00    0.00    0.00    0.00    0.00    0.00  100.00
03:23:03       4    0.00    0.00    1.00    0.00    0.00    0.00    0.00    0.00    0.00   99.00
03:23:03       5    0.00    0.00    0.00    0.00    0.00    0.00    0.00    0.00    0.00  100.00
03:23:03       6    0.00    0.00    0.00    0.00    0.00    0.00    0.00    0.00    0.00  100.00
03:23:03       7    0.00    0.00    0.00    0.00    0.00    0.00    0.00    0.00    0.00  100.00
03:23:03       8    1.00    0.00    1.00    0.00    0.00    0.00    0.00    0.00    0.00   98.00
03:23:03       9    0.00    0.00    0.00    0.00    0.00    0.00    0.00    0.00    0.00  100.00
03:23:03      10    0.00    0.00    0.00    0.00    0.00    0.00    0.00    0.00    0.00  100.00
03:23:03      11    2.00    0.00    0.00    0.00    0.00    0.00    0.00    0.00    0.00   98.00

Average:     CPU    %usr   %nice    %sys %iowait    %irq   %soft  %steal  %guest  %gnice   %idle
Average:     all    0.82    0.00    0.42    0.00    0.00    0.02    0.00    0.00    0.00   98.75
Average:       0    2.00    0.00    0.60    0.00    0.00    0.20    0.00    0.00    0.00   97.20
Average:       1    2.00    0.00    0.60    0.00    0.00    0.00    0.00    0.00    0.00   97.40
Average:       2    1.40    0.00    0.40    0.00    0.00    0.00    0.00    0.00    0.00   98.20
Average:       3    0.20    0.00    0.20    0.00    0.00    0.00    0.00    0.00    0.00   99.60
Average:       4    0.00    0.00    0.20    0.00    0.00    0.00    0.00    0.00    0.00   99.80
Average:       5    0.00    0.00    0.00    0.00    0.00    0.00    0.00    0.00    0.00  100.00
Average:       6    0.20    0.00    0.00    0.00    0.00    0.00    0.00    0.00    0.00   99.80
Average:       7    0.40    0.00    0.20    0.00    0.00    0.00    0.00    0.00    0.00   99.40
Average:       8    1.60    0.00    1.00    0.00    0.00    0.00    0.00    0.00    0.00   97.40
Average:       9    1.20    0.00    0.60    0.00    0.00    0.00    0.00    0.00    0.00   98.20
Average:      10    0.40    0.00    0.80    0.00    0.00    0.00    0.00    0.00    0.00   98.80
Average:      11    0.40    0.00    0.40    0.00    0.00    0.00    0.00    0.00    0.00   99.20
