Linux 5.14.0-611.34.1.el9_7.x86_64 (benchmark-server) 	08/28/26 	_x86_64_	(12 CPU)

23:43:43     CPU    %usr   %nice    %sys %iowait    %irq   %soft  %steal  %guest  %gnice   %idle
23:43:44     all    0.58    0.00    0.42    0.00    0.00    0.00    0.00    0.00    0.00   99.00
23:43:44       0    0.99    0.00    0.99    0.00    0.00    0.00    0.00    0.00    0.00   98.02
23:43:44       1    0.00    0.00    0.99    0.00    0.00    0.00    0.00    0.00    0.00   99.01
23:43:44       2    0.99    0.00    0.00    0.00    0.00    0.00    0.00    0.00    0.00   99.01
23:43:44       3    0.00    0.00    0.00    0.00    0.00    0.00    0.00    0.00    0.00  100.00
23:43:44       4    0.00    0.00    0.99    0.00    0.00    0.00    0.00    0.00    0.00   99.01
23:43:44       5    1.00    0.00    0.00    0.00    0.00    0.00    0.00    0.00    0.00   99.00
23:43:44       6    0.98    0.00    0.98    0.00    0.00    0.00    0.00    0.00    0.00   98.04
23:43:44       7    0.00    0.00    0.00    0.00    0.00    0.00    0.00    0.00    0.00  100.00
23:43:44       8    0.99    0.00    0.00    0.00    0.00    0.00    0.00    0.00    0.00   99.01
23:43:44       9    1.00    0.00    1.00    0.00    0.00    0.00    0.00    0.00    0.00   98.00
23:43:44      10    1.02    0.00    0.00    0.00    0.00    0.00    0.00    0.00    0.00   98.98
23:43:44      11    0.00    0.00    0.00    0.00    0.00    0.00    0.00    0.00    0.00  100.00

23:43:44     CPU    %usr   %nice    %sys %iowait    %irq   %soft  %steal  %guest  %gnice   %idle
23:43:45     all    0.17    0.00    0.25    0.00    0.00    0.00    0.00    0.00    0.00   99.58
23:43:45       0    0.00    0.00    0.00    0.00    0.00    0.00    0.00    0.00    0.00  100.00
23:43:45       1    0.00    0.00    0.00    0.00    0.00    0.00    0.00    0.00    0.00  100.00
23:43:45       2    0.00    0.00    1.00    0.00    0.00    0.00    0.00    0.00    0.00   99.00
23:43:45       3    0.98    0.00    0.98    0.00    0.00    0.00    0.00    0.00    0.00   98.04
23:43:45       4    0.00    0.00    0.00    0.00    0.00    0.00    0.00    0.00    0.00  100.00
23:43:45       5    0.00    0.00    0.00    0.00    0.00    0.00    0.00    0.00    0.00  100.00
23:43:45       6    0.00    0.00    0.00    0.00    0.00    0.00    0.00    0.00    0.00  100.00
23:43:45       7    0.00    0.00    0.00    0.00    0.00    0.00    0.00    0.00    0.00  100.00
23:43:45       8    0.00    0.00    0.00    0.00    0.00    0.00    0.00    0.00    0.00  100.00
23:43:45       9    0.00    0.00    1.00    0.00    0.00    0.00    0.00    0.00    0.00   99.00
23:43:45      10    0.99    0.00    0.00    0.00    0.00    0.00    0.00    0.00    0.00   99.01
23:43:45      11    0.00    0.00    0.00    0.00    0.00    0.00    0.00    0.00    0.00  100.00

23:43:45     CPU    %usr   %nice    %sys %iowait    %irq   %soft  %steal  %guest  %gnice   %idle
23:43:46     all    0.17    0.00    0.00    0.00    0.00    0.08    0.00    0.00    0.00   99.75
23:43:46       0    0.00    0.00    0.00    0.00    0.00    0.00    0.00    0.00    0.00  100.00
23:43:46       1    0.00    0.00    0.00    0.00    0.00    0.00    0.00    0.00    0.00  100.00
23:43:46       2    0.00    0.00    0.00    0.00    0.00    0.00    0.00    0.00    0.00  100.00
23:43:46       3    0.00    0.00    0.00    0.00    0.00    1.00    0.00    0.00    0.00   99.00
23:43:46       4    0.00    0.00    0.00    0.00    0.00    0.00    0.00    0.00    0.00  100.00
23:43:46       5    0.00    0.00    0.00    0.00    0.00    0.00    0.00    0.00    0.00  100.00
23:43:46       6    0.00    0.00    0.00    0.00    0.00    0.00    0.00    0.00    0.00  100.00
23:43:46       7    0.00    0.00    0.00    0.00    0.00    0.00    0.00    0.00    0.00  100.00
23:43:46       8    0.00    0.00    0.00    0.00    0.00    0.00    0.00    0.00    0.00  100.00
23:43:46       9    0.00    0.00    0.00    0.00    0.00    0.00    0.00    0.00    0.00  100.00
23:43:46      10    0.00    0.00    0.00    0.00    0.00    0.00    0.00    0.00    0.00  100.00
23:43:46      11    2.00    0.00    0.00    0.00    0.00    0.00    0.00    0.00    0.00   98.00

23:43:46     CPU    %usr   %nice    %sys %iowait    %irq   %soft  %steal  %guest  %gnice   %idle
23:43:47     all    0.17    0.00    0.08    0.00    0.00    0.00    0.00    0.00    0.00   99.75
23:43:47       0    1.02    0.00    0.00    0.00    0.00    0.00    0.00    0.00    0.00   98.98
23:43:47       1    0.00    0.00    0.00    0.00    0.00    0.00    0.00    0.00    0.00  100.00
23:43:47       2    1.00    0.00    0.00    0.00    0.00    0.00    0.00    0.00    0.00   99.00
23:43:47       3    0.00    0.00    1.00    0.00    0.00    0.00    0.00    0.00    0.00   99.00
23:43:47       4    0.00    0.00    0.00    0.00    0.00    0.00    0.00    0.00    0.00  100.00
23:43:47       5    0.00    0.00    0.00    0.00    0.00    0.00    0.00    0.00    0.00  100.00
23:43:47       6    0.00    0.00    0.00    0.00    0.00    0.00    0.00    0.00    0.00  100.00
23:43:47       7    0.00    0.00    0.00    0.00    0.00    0.00    0.00    0.00    0.00  100.00
23:43:47       8    0.00    0.00    0.00    0.00    0.00    0.00    0.00    0.00    0.00  100.00
23:43:47       9    0.00    0.00    0.00    0.00    0.00    0.00    0.00    0.00    0.00  100.00
23:43:47      10    0.00    0.00    0.00    0.00    0.00    0.00    0.00    0.00    0.00  100.00
23:43:47      11    0.00    0.00    0.00    0.00    0.00    0.00    0.00    0.00    0.00  100.00

23:43:47     CPU    %usr   %nice    %sys %iowait    %irq   %soft  %steal  %guest  %gnice   %idle
23:43:48     all    0.08    0.00    0.25    0.00    0.00    0.00    0.00    0.00    0.00   99.67
23:43:48       0    0.99    0.00    0.00    0.00    0.00    0.00    0.00    0.00    0.00   99.01
23:43:48       1    0.00    0.00    0.00    0.00    0.00    0.00    0.00    0.00    0.00  100.00
23:43:48       2    0.00    0.00    0.99    0.00    0.00    0.00    0.00    0.00    0.00   99.01
23:43:48       3    0.00    0.00    1.00    0.00    0.00    0.00    0.00    0.00    0.00   99.00
23:43:48       4    0.00    0.00    0.00    0.00    0.00    0.00    0.00    0.00    0.00  100.00
23:43:48       5    0.00    0.00    0.00    0.00    0.00    0.00    0.00    0.00    0.00  100.00
23:43:48       6    0.00    0.00    0.00    0.00    0.00    0.00    0.00    0.00    0.00  100.00
23:43:48       7    0.00    0.00    0.00    0.00    0.00    0.00    0.00    0.00    0.00  100.00
23:43:48       8    0.00    0.00    0.00    0.00    0.00    0.00    0.00    0.00    0.00  100.00
23:43:48       9    0.00    0.00    1.01    0.00    0.00    0.00    0.00    0.00    0.00   98.99
23:43:48      10    0.00    0.00    0.00    0.00    0.00    0.00    0.00    0.00    0.00  100.00
23:43:48      11    0.00    0.00    0.00    0.00    0.00    0.00    0.00    0.00    0.00  100.00

Average:     CPU    %usr   %nice    %sys %iowait    %irq   %soft  %steal  %guest  %gnice   %idle
Average:     all    0.23    0.00    0.20    0.00    0.00    0.02    0.00    0.00    0.00   99.55
Average:       0    0.60    0.00    0.20    0.00    0.00    0.00    0.00    0.00    0.00   99.20
Average:       1    0.00    0.00    0.20    0.00    0.00    0.00    0.00    0.00    0.00   99.80
Average:       2    0.40    0.00    0.40    0.00    0.00    0.00    0.00    0.00    0.00   99.20
Average:       3    0.20    0.00    0.60    0.00    0.00    0.20    0.00    0.00    0.00   99.00
Average:       4    0.00    0.00    0.20    0.00    0.00    0.00    0.00    0.00    0.00   99.80
Average:       5    0.20    0.00    0.00    0.00    0.00    0.00    0.00    0.00    0.00   99.80
Average:       6    0.20    0.00    0.20    0.00    0.00    0.00    0.00    0.00    0.00   99.60
Average:       7    0.00    0.00    0.00    0.00    0.00    0.00    0.00    0.00    0.00  100.00
Average:       8    0.20    0.00    0.00    0.00    0.00    0.00    0.00    0.00    0.00   99.80
Average:       9    0.20    0.00    0.60    0.00    0.00    0.00    0.00    0.00    0.00   99.20
Average:      10    0.40    0.00    0.00    0.00    0.00    0.00    0.00    0.00    0.00   99.60
Average:      11    0.40    0.00    0.00    0.00    0.00    0.00    0.00    0.00    0.00   99.60
