Linux 5.14.0-611.34.1.el9_7.x86_64 (benchmark-server) 	08/29/26 	_x86_64_	(12 CPU)

03:08:57     CPU    %usr   %nice    %sys %iowait    %irq   %soft  %steal  %guest  %gnice   %idle
03:08:58     all    0.08    0.00    0.33    0.00    0.00    0.08    0.00    0.00    0.00   99.50
03:08:58       0    0.00    0.00    1.00    0.00    0.00    0.00    0.00    0.00    0.00   99.00
03:08:58       1    0.00    0.00    0.00    0.00    0.00    0.00    0.00    0.00    0.00  100.00
03:08:58       2    0.00    0.00    0.99    0.00    0.00    0.00    0.00    0.00    0.00   99.01
03:08:58       3    1.00    0.00    0.00    0.00    0.00    0.00    0.00    0.00    0.00   99.00
03:08:58       4    0.00    0.00    0.00    0.00    0.00    0.99    0.00    0.00    0.00   99.01
03:08:58       5    0.00    0.00    0.00    0.00    0.00    0.00    0.00    0.00    0.00  100.00
03:08:58       6    0.00    0.00    0.00    0.00    0.00    0.00    0.00    0.00    0.00  100.00
03:08:58       7    0.00    0.00    0.00    0.00    0.00    0.00    0.00    0.00    0.00  100.00
03:08:58       8    0.00    0.00    0.00    0.00    0.00    0.00    0.00    0.00    0.00  100.00
03:08:58       9    0.00    0.00    0.00    0.00    0.00    0.00    0.00    0.00    0.00  100.00
03:08:58      10    0.00    0.00    1.00    0.00    0.00    0.00    0.00    0.00    0.00   99.00
03:08:58      11    0.00    0.00    1.00    0.00    0.00    0.00    0.00    0.00    0.00   99.00

03:08:58     CPU    %usr   %nice    %sys %iowait    %irq   %soft  %steal  %guest  %gnice   %idle
03:08:59     all    0.17    0.00    0.08    0.00    0.00    0.00    0.00    0.00    0.00   99.75
03:08:59       0    0.00    0.00    0.00    0.00    0.00    0.00    0.00    0.00    0.00  100.00
03:08:59       1    0.00    0.00    0.00    0.00    0.00    0.00    0.00    0.00    0.00  100.00
03:08:59       2    0.00    0.00    0.00    0.00    0.00    0.00    0.00    0.00    0.00  100.00
03:08:59       3    0.00    0.00    0.00    0.00    0.00    0.00    0.00    0.00    0.00  100.00
03:08:59       4    0.00    0.00    0.00    0.00    0.00    0.00    0.00    0.00    0.00  100.00
03:08:59       5    0.00    0.00    0.00    0.00    0.00    0.00    0.00    0.00    0.00  100.00
03:08:59       6    0.00    0.00    0.00    0.00    0.00    0.00    0.00    0.00    0.00  100.00
03:08:59       7    0.00    0.00    0.00    0.00    0.00    0.00    0.00    0.00    0.00  100.00
03:08:59       8    0.00    0.00    0.00    0.00    0.00    0.00    0.00    0.00    0.00  100.00
03:08:59       9    0.99    0.00    0.00    0.00    0.00    0.00    0.00    0.00    0.00   99.01
03:08:59      10    1.00    0.00    0.00    0.00    0.00    0.00    0.00    0.00    0.00   99.00
03:08:59      11    0.00    0.00    1.00    0.00    0.00    0.00    0.00    0.00    0.00   99.00

03:08:59     CPU    %usr   %nice    %sys %iowait    %irq   %soft  %steal  %guest  %gnice   %idle
03:09:00     all    0.17    0.00    0.08    0.00    0.00    0.00    0.00    0.00    0.00   99.75
03:09:00       0    0.99    0.00    0.99    0.00    0.00    0.00    0.00    0.00    0.00   98.02
03:09:00       1    0.99    0.00    0.00    0.00    0.00    0.00    0.00    0.00    0.00   99.01
03:09:00       2    0.00    0.00    0.00    0.00    0.00    0.00    0.00    0.00    0.00  100.00
03:09:00       3    0.00    0.00    0.00    0.00    0.00    0.00    0.00    0.00    0.00  100.00
03:09:00       4    0.00    0.00    0.00    0.00    0.00    0.00    0.00    0.00    0.00  100.00
03:09:00       5    0.00    0.00    0.00    0.00    0.00    0.00    0.00    0.00    0.00  100.00
03:09:00       6    0.00    0.00    0.00    0.00    0.00    0.00    0.00    0.00    0.00  100.00
03:09:00       7    0.00    0.00    0.00    0.00    0.00    0.00    0.00    0.00    0.00  100.00
03:09:00       8    0.00    0.00    0.00    0.00    0.00    0.00    0.00    0.00    0.00  100.00
03:09:00       9    0.00    0.00    0.00    0.00    0.00    0.00    0.00    0.00    0.00  100.00
03:09:00      10    0.00    0.00    0.00    0.00    0.00    0.00    0.00    0.00    0.00  100.00
03:09:00      11    0.00    0.00    0.00    0.00    0.00    0.00    0.00    0.00    0.00  100.00

03:09:00     CPU    %usr   %nice    %sys %iowait    %irq   %soft  %steal  %guest  %gnice   %idle
03:09:01     all    2.34    0.00    1.25    0.00    0.00    0.00    0.00    0.00    0.00   96.41
03:09:01       0    1.00    0.00    2.00    0.00    0.00    0.00    0.00    0.00    0.00   97.00
03:09:01       1   10.00    0.00    5.00    0.00    0.00    0.00    0.00    0.00    0.00   85.00
03:09:01       2    0.00    0.00    1.00    0.00    0.00    0.00    0.00    0.00    0.00   99.00
03:09:01       3    4.04    0.00    3.03    0.00    0.00    0.00    0.00    0.00    0.00   92.93
03:09:01       4    8.00    0.00    1.00    0.00    0.00    0.00    0.00    0.00    0.00   91.00
03:09:01       5    0.00    0.00    0.00    0.00    0.00    0.00    0.00    0.00    0.00  100.00
03:09:01       6    0.99    0.00    0.99    0.00    0.00    0.00    0.00    0.00    0.00   98.02
03:09:01       7    0.00    0.00    0.00    0.00    0.00    0.00    0.00    0.00    0.00  100.00
03:09:01       8    0.00    0.00    0.00    0.00    0.00    0.00    0.00    0.00    0.00  100.00
03:09:01       9    0.00    0.00    0.00    0.00    0.00    0.00    0.00    0.00    0.00  100.00
03:09:01      10    3.00    0.00    1.00    0.00    0.00    0.00    0.00    0.00    0.00   96.00
03:09:01      11    1.00    0.00    1.00    0.00    0.00    0.00    0.00    0.00    0.00   98.00

03:09:01     CPU    %usr   %nice    %sys %iowait    %irq   %soft  %steal  %guest  %gnice   %idle
03:09:02     all    0.08    0.00    0.17    0.00    0.00    0.00    0.00    0.00    0.00   99.75
03:09:02       0    0.00    0.00    1.01    0.00    0.00    0.00    0.00    0.00    0.00   98.99
03:09:02       1    0.00    0.00    0.00    0.00    0.00    0.00    0.00    0.00    0.00  100.00
03:09:02       2    0.00    0.00    0.00    0.00    0.00    0.00    0.00    0.00    0.00  100.00
03:09:02       3    0.00    0.00    0.00    0.00    0.00    0.00    0.00    0.00    0.00  100.00
03:09:02       4    0.00    0.00    0.00    0.00    0.00    0.00    0.00    0.00    0.00  100.00
03:09:02       5    0.00    0.00    0.00    0.00    0.00    0.00    0.00    0.00    0.00  100.00
03:09:02       6    0.00    0.00    0.00    0.00    0.00    0.00    0.00    0.00    0.00  100.00
03:09:02       7    0.00    0.00    0.00    0.00    0.00    0.00    0.00    0.00    0.00  100.00
03:09:02       8    0.00    0.00    0.00    0.00    0.00    0.00    0.00    0.00    0.00  100.00
03:09:02       9    0.00    0.00    0.00    0.00    0.00    0.00    0.00    0.00    0.00  100.00
03:09:02      10    0.00    0.00    0.00    0.00    0.00    0.00    0.00    0.00    0.00  100.00
03:09:02      11    1.00    0.00    1.00    0.00    0.00    0.00    0.00    0.00    0.00   98.00

Average:     CPU    %usr   %nice    %sys %iowait    %irq   %soft  %steal  %guest  %gnice   %idle
Average:     all    0.57    0.00    0.38    0.00    0.00    0.02    0.00    0.00    0.00   99.03
Average:       0    0.40    0.00    1.00    0.00    0.00    0.00    0.00    0.00    0.00   98.60
Average:       1    2.20    0.00    1.00    0.00    0.00    0.00    0.00    0.00    0.00   96.80
Average:       2    0.00    0.00    0.40    0.00    0.00    0.00    0.00    0.00    0.00   99.60
Average:       3    1.00    0.00    0.60    0.00    0.00    0.00    0.00    0.00    0.00   98.40
Average:       4    1.60    0.00    0.20    0.00    0.00    0.20    0.00    0.00    0.00   98.00
Average:       5    0.00    0.00    0.00    0.00    0.00    0.00    0.00    0.00    0.00  100.00
Average:       6    0.20    0.00    0.20    0.00    0.00    0.00    0.00    0.00    0.00   99.60
Average:       7    0.00    0.00    0.00    0.00    0.00    0.00    0.00    0.00    0.00  100.00
Average:       8    0.00    0.00    0.00    0.00    0.00    0.00    0.00    0.00    0.00  100.00
Average:       9    0.20    0.00    0.00    0.00    0.00    0.00    0.00    0.00    0.00   99.80
Average:      10    0.80    0.00    0.40    0.00    0.00    0.00    0.00    0.00    0.00   98.80
Average:      11    0.40    0.00    0.80    0.00    0.00    0.00    0.00    0.00    0.00   98.80
