Linux 5.14.0-611.34.1.el9_7.x86_64 (benchmark-server) 	08/29/26 	_x86_64_	(12 CPU)

03:15:03     CPU    %usr   %nice    %sys %iowait    %irq   %soft  %steal  %guest  %gnice   %idle
03:15:04     all    3.17    0.00    3.34    0.00    0.17    0.08    0.00    0.00    0.00   93.24
03:15:04       0    2.97    0.00    5.94    0.00    0.99    0.00    0.00    0.00    0.00   90.10
03:15:04       1   24.49    0.00   10.20    0.00    0.00    0.00    0.00    0.00    0.00   65.31
03:15:04       2    1.96    0.00    6.86    0.00    0.98    0.00    0.00    0.00    0.00   90.20
03:15:04       3    0.00    0.00    2.00    0.00    0.00    0.00    0.00    0.00    0.00   98.00
03:15:04       4    0.00    0.00    2.00    0.00    0.00    0.00    0.00    0.00    0.00   98.00
03:15:04       5    0.00    0.00    0.00    0.00    0.00    0.00    0.00    0.00    0.00  100.00
03:15:04       6    0.00    0.00    1.01    0.00    0.00    0.00    0.00    0.00    0.00   98.99
03:15:04       7    1.02    0.00    2.04    0.00    0.00    0.00    0.00    0.00    0.00   96.94
03:15:04       8    7.00    0.00    4.00    0.00    0.00    0.00    0.00    0.00    0.00   89.00
03:15:04       9    0.00    0.00    3.00    0.00    0.00    0.00    0.00    0.00    0.00   97.00
03:15:04      10    0.00    0.00    1.00    0.00    0.00    1.00    0.00    0.00    0.00   98.00
03:15:04      11    1.00    0.00    2.00    0.00    0.00    0.00    0.00    0.00    0.00   97.00

03:15:04     CPU    %usr   %nice    %sys %iowait    %irq   %soft  %steal  %guest  %gnice   %idle
03:15:05     all    0.42    0.00    0.17    0.00    0.00    0.00    0.00    0.00    0.00   99.42
03:15:05       0    0.99    0.00    1.98    0.00    0.00    0.00    0.00    0.00    0.00   97.03
03:15:05       1    0.00    0.00    0.00    0.00    0.00    0.00    0.00    0.00    0.00  100.00
03:15:05       2    0.00    0.00    0.00    0.00    0.00    0.00    0.00    0.00    0.00  100.00
03:15:05       3    0.00    0.00    0.00    0.00    0.00    0.00    0.00    0.00    0.00  100.00
03:15:05       4    0.00    0.00    0.00    0.00    0.00    0.00    0.00    0.00    0.00  100.00
03:15:05       5    0.00    0.00    0.00    0.00    0.00    0.00    0.00    0.00    0.00  100.00
03:15:05       6    0.00    0.00    0.00    0.00    0.00    0.00    0.00    0.00    0.00  100.00
03:15:05       7    0.00    0.00    0.00    0.00    0.00    0.00    0.00    0.00    0.00  100.00
03:15:05       8    0.00    0.00    0.00    0.00    0.00    0.00    0.00    0.00    0.00  100.00
03:15:05       9    0.00    0.00    0.00    0.00    0.00    0.00    0.00    0.00    0.00  100.00
03:15:05      10    0.99    0.00    0.00    0.00    0.00    0.00    0.00    0.00    0.00   99.01
03:15:05      11    3.03    0.00    0.00    0.00    0.00    0.00    0.00    0.00    0.00   96.97

03:15:05     CPU    %usr   %nice    %sys %iowait    %irq   %soft  %steal  %guest  %gnice   %idle
03:15:06     all    0.17    0.00    0.17    0.00    0.00    0.00    0.00    0.00    0.00   99.67
03:15:06       0    0.00    0.00    0.00    0.00    0.00    0.00    0.00    0.00    0.00  100.00
03:15:06       1    0.00    0.00    0.00    0.00    0.00    0.00    0.00    0.00    0.00  100.00
03:15:06       2    0.00    0.00    0.00    0.00    0.00    0.00    0.00    0.00    0.00  100.00
03:15:06       3    0.00    0.00    0.00    0.00    0.00    0.00    0.00    0.00    0.00  100.00
03:15:06       4    0.00    0.00    0.00    0.00    0.00    0.00    0.00    0.00    0.00  100.00
03:15:06       5    0.00    0.00    0.00    0.00    0.00    0.00    0.00    0.00    0.00  100.00
03:15:06       6    1.00    0.00    0.00    0.00    0.00    0.00    0.00    0.00    0.00   99.00
03:15:06       7    0.99    0.00    0.99    0.00    0.00    0.00    0.00    0.00    0.00   98.02
03:15:06       8    0.00    0.00    0.00    0.00    0.00    0.00    0.00    0.00    0.00  100.00
03:15:06       9    0.00    0.00    0.00    0.00    0.00    0.00    0.00    0.00    0.00  100.00
03:15:06      10    0.00    0.00    0.00    0.00    0.00    0.00    0.00    0.00    0.00  100.00
03:15:06      11    0.00    0.00    1.00    0.00    0.00    0.00    0.00    0.00    0.00   99.00

03:15:06     CPU    %usr   %nice    %sys %iowait    %irq   %soft  %steal  %guest  %gnice   %idle
03:15:07     all    0.08    0.00    0.17    0.00    0.00    0.00    0.00    0.00    0.00   99.75
03:15:07       0    0.00    0.00    0.00    0.00    0.00    0.00    0.00    0.00    0.00  100.00
03:15:07       1    0.00    0.00    0.00    0.00    0.00    0.00    0.00    0.00    0.00  100.00
03:15:07       2    0.00    0.00    0.00    0.00    0.00    0.00    0.00    0.00    0.00  100.00
03:15:07       3    0.00    0.00    0.00    0.00    0.00    0.00    0.00    0.00    0.00  100.00
03:15:07       4    0.00    0.00    0.00    0.00    0.00    0.00    0.00    0.00    0.00  100.00
03:15:07       5    0.00    0.00    0.00    0.00    0.00    0.00    0.00    0.00    0.00  100.00
03:15:07       6    0.00    0.00    0.99    0.00    0.00    0.00    0.00    0.00    0.00   99.01
03:15:07       7    0.00    0.00    1.00    0.00    0.00    0.00    0.00    0.00    0.00   99.00
03:15:07       8    0.00    0.00    0.00    0.00    0.00    0.00    0.00    0.00    0.00  100.00
03:15:07       9    0.00    0.00    0.00    0.00    0.00    0.00    0.00    0.00    0.00  100.00
03:15:07      10    0.00    0.00    0.00    0.00    0.00    0.00    0.00    0.00    0.00  100.00
03:15:07      11    0.99    0.00    0.00    0.00    0.00    0.00    0.00    0.00    0.00   99.01

03:15:07     CPU    %usr   %nice    %sys %iowait    %irq   %soft  %steal  %guest  %gnice   %idle
03:15:08     all    0.17    0.00    0.08    0.00    0.00    0.00    0.00    0.00    0.00   99.75
03:15:08       0    0.00    0.00    0.00    0.00    0.00    0.00    0.00    0.00    0.00  100.00
03:15:08       1    0.00    0.00    0.00    0.00    0.00    0.00    0.00    0.00    0.00  100.00
03:15:08       2    0.00    0.00    0.00    0.00    0.00    0.00    0.00    0.00    0.00  100.00
03:15:08       3    0.00    0.00    0.00    0.00    0.00    0.00    0.00    0.00    0.00  100.00
03:15:08       4    0.00    0.00    0.00    0.00    0.00    0.00    0.00    0.00    0.00  100.00
03:15:08       5    0.00    0.00    0.00    0.00    0.00    0.00    0.00    0.00    0.00  100.00
03:15:08       6    1.00    0.00    0.00    0.00    0.00    0.00    0.00    0.00    0.00   99.00
03:15:08       7    1.00    0.00    1.00    0.00    0.00    0.00    0.00    0.00    0.00   98.00
03:15:08       8    0.00    0.00    0.00    0.00    0.00    0.00    0.00    0.00    0.00  100.00
03:15:08       9    0.00    0.00    0.00    0.00    0.00    0.00    0.00    0.00    0.00  100.00
03:15:08      10    0.00    0.00    0.00    0.00    0.00    0.00    0.00    0.00    0.00  100.00
03:15:08      11    0.00    0.00    0.00    0.00    0.00    0.00    0.00    0.00    0.00  100.00

Average:     CPU    %usr   %nice    %sys %iowait    %irq   %soft  %steal  %guest  %gnice   %idle
Average:     all    0.80    0.00    0.78    0.00    0.03    0.02    0.00    0.00    0.00   98.37
Average:       0    0.80    0.00    1.59    0.00    0.20    0.00    0.00    0.00    0.00   97.41
Average:       1    4.82    0.00    2.01    0.00    0.00    0.00    0.00    0.00    0.00   93.17
Average:       2    0.40    0.00    1.39    0.00    0.20    0.00    0.00    0.00    0.00   98.01
Average:       3    0.00    0.00    0.40    0.00    0.00    0.00    0.00    0.00    0.00   99.60
Average:       4    0.00    0.00    0.40    0.00    0.00    0.00    0.00    0.00    0.00   99.60
Average:       5    0.00    0.00    0.00    0.00    0.00    0.00    0.00    0.00    0.00  100.00
Average:       6    0.40    0.00    0.40    0.00    0.00    0.00    0.00    0.00    0.00   99.20
Average:       7    0.60    0.00    1.00    0.00    0.00    0.00    0.00    0.00    0.00   98.40
Average:       8    1.40    0.00    0.80    0.00    0.00    0.00    0.00    0.00    0.00   97.80
Average:       9    0.00    0.00    0.60    0.00    0.00    0.00    0.00    0.00    0.00   99.40
Average:      10    0.20    0.00    0.20    0.00    0.00    0.20    0.00    0.00    0.00   99.40
Average:      11    1.00    0.00    0.60    0.00    0.00    0.00    0.00    0.00    0.00   98.40
