Linux 5.14.0-611.34.1.el9_7.x86_64 (benchmark-server) 	08/29/26 	_x86_64_	(12 CPU)

03:03:37     CPU    %usr   %nice    %sys %iowait    %irq   %soft  %steal  %guest  %gnice   %idle
03:03:38     all    0.42    0.00    0.25    0.00    0.00    0.00    0.00    0.00    0.00   99.33
03:03:38       0    0.00    0.00    2.00    0.00    0.00    0.00    0.00    0.00    0.00   98.00
03:03:38       1    0.00    0.00    0.00    0.00    0.00    0.00    0.00    0.00    0.00  100.00
03:03:38       2    0.00    0.00    0.00    0.00    0.00    0.00    0.00    0.00    0.00  100.00
03:03:38       3    0.00    0.00    0.00    0.00    0.00    0.00    0.00    0.00    0.00  100.00
03:03:38       4    0.00    0.00    0.00    0.00    0.00    0.00    0.00    0.00    0.00  100.00
03:03:38       5    0.00    0.00    0.00    0.00    0.00    0.00    0.00    0.00    0.00  100.00
03:03:38       6    0.00    0.00    0.99    0.00    0.00    0.00    0.00    0.00    0.00   99.01
03:03:38       7    4.00    0.00    0.00    0.00    0.00    0.00    0.00    0.00    0.00   96.00
03:03:38       8    0.00    0.00    0.00    0.00    0.00    0.00    0.00    0.00    0.00  100.00
03:03:38       9    0.00    0.00    0.00    0.00    0.00    0.00    0.00    0.00    0.00  100.00
03:03:38      10    0.00    0.00    0.00    0.00    0.00    0.00    0.00    0.00    0.00  100.00
03:03:38      11    1.00    0.00    0.00    0.00    0.00    0.00    0.00    0.00    0.00   99.00

03:03:38     CPU    %usr   %nice    %sys %iowait    %irq   %soft  %steal  %guest  %gnice   %idle
03:03:39     all    0.08    0.00    0.25    0.00    0.08    0.08    0.00    0.00    0.00   99.50
03:03:39       0    0.00    0.00    0.00    0.00    0.99    0.00    0.00    0.00    0.00   99.01
03:03:39       1    0.99    0.00    0.00    0.00    0.00    0.00    0.00    0.00    0.00   99.01
03:03:39       2    0.00    0.00    0.00    0.00    0.00    0.00    0.00    0.00    0.00  100.00
03:03:39       3    0.00    0.00    0.00    0.00    0.00    0.00    0.00    0.00    0.00  100.00
03:03:39       4    0.00    0.00    0.00    0.00    0.00    0.00    0.00    0.00    0.00  100.00
03:03:39       5    0.00    0.00    0.00    0.00    0.00    0.00    0.00    0.00    0.00  100.00
03:03:39       6    0.00    0.00    0.00    0.00    0.00    1.00    0.00    0.00    0.00   99.00
03:03:39       7    0.00    0.00    1.00    0.00    0.00    0.00    0.00    0.00    0.00   99.00
03:03:39       8    0.00    0.00    0.00    0.00    0.00    0.00    0.00    0.00    0.00  100.00
03:03:39       9    0.00    0.00    0.99    0.00    0.00    0.00    0.00    0.00    0.00   99.01
03:03:39      10    0.00    0.00    0.00    0.00    0.00    0.00    0.00    0.00    0.00  100.00
03:03:39      11    0.00    0.00    1.00    0.00    0.00    0.00    0.00    0.00    0.00   99.00

03:03:39     CPU    %usr   %nice    %sys %iowait    %irq   %soft  %steal  %guest  %gnice   %idle
03:03:40     all    0.33    0.00    0.33    0.00    0.00    0.00    0.00    0.00    0.00   99.33
03:03:40       0    1.00    0.00    1.00    0.00    0.00    0.00    0.00    0.00    0.00   98.00
03:03:40       1    0.00    0.00    1.00    0.00    0.00    0.00    0.00    0.00    0.00   99.00
03:03:40       2    0.00    0.00    0.00    0.00    0.00    0.00    0.00    0.00    0.00  100.00
03:03:40       3    0.00    0.00    0.00    0.00    0.00    0.00    0.00    0.00    0.00  100.00
03:03:40       4    0.00    0.00    0.00    0.00    0.00    0.00    0.00    0.00    0.00  100.00
03:03:40       5    0.00    0.00    0.00    0.00    0.00    0.00    0.00    0.00    0.00  100.00
03:03:40       6    0.00    0.00    0.00    0.00    0.00    0.00    0.00    0.00    0.00  100.00
03:03:40       7    0.00    0.00    0.00    0.00    0.00    0.00    0.00    0.00    0.00  100.00
03:03:40       8    0.00    0.00    0.00    0.00    0.00    0.00    0.00    0.00    0.00  100.00
03:03:40       9    0.00    0.00    0.00    0.00    0.00    0.00    0.00    0.00    0.00  100.00
03:03:40      10    1.98    0.00    0.99    0.00    0.00    0.00    0.00    0.00    0.00   97.03
03:03:40      11    0.99    0.00    0.99    0.00    0.00    0.00    0.00    0.00    0.00   98.02

03:03:40     CPU    %usr   %nice    %sys %iowait    %irq   %soft  %steal  %guest  %gnice   %idle
03:03:41     all    0.00    0.00    0.17    0.00    0.00    0.00    0.00    0.00    0.00   99.83
03:03:41       0    0.00    0.00    1.00    0.00    0.00    0.00    0.00    0.00    0.00   99.00
03:03:41       1    0.00    0.00    0.00    0.00    0.00    0.00    0.00    0.00    0.00  100.00
03:03:41       2    0.00    0.00    0.00    0.00    0.00    0.00    0.00    0.00    0.00  100.00
03:03:41       3    0.00    0.00    0.00    0.00    0.00    0.00    0.00    0.00    0.00  100.00
03:03:41       4    0.00    0.00    0.00    0.00    0.00    0.00    0.00    0.00    0.00  100.00
03:03:41       5    0.00    0.00    0.00    0.00    0.00    0.00    0.00    0.00    0.00  100.00
03:03:41       6    0.00    0.00    0.00    0.00    0.00    0.00    0.00    0.00    0.00  100.00
03:03:41       7    0.00    0.00    0.00    0.00    0.00    0.00    0.00    0.00    0.00  100.00
03:03:41       8    0.00    0.00    1.00    0.00    0.00    0.00    0.00    0.00    0.00   99.00
03:03:41       9    0.00    0.00    0.00    0.00    0.00    0.00    0.00    0.00    0.00  100.00
03:03:41      10    0.00    0.00    0.00    0.00    0.00    0.00    0.00    0.00    0.00  100.00
03:03:41      11    0.00    0.00    0.00    0.00    0.00    0.00    0.00    0.00    0.00  100.00

03:03:41     CPU    %usr   %nice    %sys %iowait    %irq   %soft  %steal  %guest  %gnice   %idle
03:03:42     all    0.25    0.00    0.25    0.00    0.00    0.00    0.00    0.00    0.00   99.50
03:03:42       0    0.00    0.00    1.01    0.00    0.00    0.00    0.00    0.00    0.00   98.99
03:03:42       1    0.00    0.00    0.00    0.00    0.00    0.00    0.00    0.00    0.00  100.00
03:03:42       2    0.00    0.00    0.00    0.00    0.00    0.00    0.00    0.00    0.00  100.00
03:03:42       3    0.00    0.00    0.00    0.00    0.00    0.00    0.00    0.00    0.00  100.00
03:03:42       4    0.00    0.00    0.00    0.00    0.00    0.00    0.00    0.00    0.00  100.00
03:03:42       5    0.00    0.00    0.00    0.00    0.00    0.00    0.00    0.00    0.00  100.00
03:03:42       6    0.99    0.00    0.99    0.00    0.00    0.00    0.00    0.00    0.00   98.02
03:03:42       7    0.00    0.00    0.00    0.00    0.00    0.00    0.00    0.00    0.00  100.00
03:03:42       8    0.00    0.00    0.00    0.00    0.00    0.00    0.00    0.00    0.00  100.00
03:03:42       9    0.99    0.00    0.00    0.00    0.00    0.00    0.00    0.00    0.00   99.01
03:03:42      10    0.00    0.00    0.99    0.00    0.00    0.00    0.00    0.00    0.00   99.01
03:03:42      11    0.99    0.00    0.00    0.00    0.00    0.00    0.00    0.00    0.00   99.01

Average:     CPU    %usr   %nice    %sys %iowait    %irq   %soft  %steal  %guest  %gnice   %idle
Average:     all    0.22    0.00    0.25    0.00    0.02    0.02    0.00    0.00    0.00   99.50
Average:       0    0.20    0.00    1.00    0.00    0.20    0.00    0.00    0.00    0.00   98.60
Average:       1    0.20    0.00    0.20    0.00    0.00    0.00    0.00    0.00    0.00   99.60
Average:       2    0.00    0.00    0.00    0.00    0.00    0.00    0.00    0.00    0.00  100.00
Average:       3    0.00    0.00    0.00    0.00    0.00    0.00    0.00    0.00    0.00  100.00
Average:       4    0.00    0.00    0.00    0.00    0.00    0.00    0.00    0.00    0.00  100.00
Average:       5    0.00    0.00    0.00    0.00    0.00    0.00    0.00    0.00    0.00  100.00
Average:       6    0.20    0.00    0.40    0.00    0.00    0.20    0.00    0.00    0.00   99.20
Average:       7    0.80    0.00    0.20    0.00    0.00    0.00    0.00    0.00    0.00   99.00
Average:       8    0.00    0.00    0.20    0.00    0.00    0.00    0.00    0.00    0.00   99.80
Average:       9    0.20    0.00    0.20    0.00    0.00    0.00    0.00    0.00    0.00   99.60
Average:      10    0.40    0.00    0.40    0.00    0.00    0.00    0.00    0.00    0.00   99.20
Average:      11    0.60    0.00    0.40    0.00    0.00    0.00    0.00    0.00    0.00   99.00
