Linux 5.14.0-611.34.1.el9_7.x86_64 (benchmark-server) 	08/28/26 	_x86_64_	(12 CPU)

23:41:58     CPU    %usr   %nice    %sys %iowait    %irq   %soft  %steal  %guest  %gnice   %idle
23:41:59     all    0.33    0.00    0.25    0.00    0.17    0.00    0.00    0.00    0.00   99.25
23:41:59       0    3.00    0.00    1.00    0.00    0.00    0.00    0.00    0.00    0.00   96.00
23:41:59       1    0.00    0.00    1.98    0.00    0.99    0.00    0.00    0.00    0.00   97.03
23:41:59       2    0.00    0.00    0.00    0.00    0.99    0.00    0.00    0.00    0.00   99.01
23:41:59       3    0.00    0.00    0.00    0.00    0.00    0.00    0.00    0.00    0.00  100.00
23:41:59       4    0.00    0.00    0.00    0.00    0.00    0.00    0.00    0.00    0.00  100.00
23:41:59       5    0.00    0.00    0.00    0.00    0.00    0.00    0.00    0.00    0.00  100.00
23:41:59       6    0.00    0.00    0.00    0.00    0.00    0.00    0.00    0.00    0.00  100.00
23:41:59       7    0.00    0.00    0.00    0.00    0.00    0.00    0.00    0.00    0.00  100.00
23:41:59       8    0.00    0.00    0.00    0.00    0.00    0.00    0.00    0.00    0.00  100.00
23:41:59       9    0.99    0.00    0.00    0.00    0.00    0.00    0.00    0.00    0.00   99.01
23:41:59      10    0.00    0.00    0.00    0.00    0.00    0.00    0.00    0.00    0.00  100.00
23:41:59      11    0.00    0.00    0.00    0.00    0.00    0.00    0.00    0.00    0.00  100.00

23:41:59     CPU    %usr   %nice    %sys %iowait    %irq   %soft  %steal  %guest  %gnice   %idle
23:42:00     all    0.00    0.00    0.08    0.00    0.00    0.00    0.00    0.00    0.00   99.92
23:42:00       0    0.00    0.00    0.00    0.00    0.00    0.00    0.00    0.00    0.00  100.00
23:42:00       1    0.00    0.00    1.00    0.00    0.00    0.00    0.00    0.00    0.00   99.00
23:42:00       2    0.00    0.00    0.00    0.00    0.00    0.00    0.00    0.00    0.00  100.00
23:42:00       3    0.00    0.00    0.00    0.00    0.00    0.00    0.00    0.00    0.00  100.00
23:42:00       4    0.00    0.00    0.00    0.00    0.00    0.00    0.00    0.00    0.00  100.00
23:42:00       5    0.00    0.00    0.00    0.00    0.00    0.00    0.00    0.00    0.00  100.00
23:42:00       6    0.00    0.00    0.00    0.00    0.00    0.00    0.00    0.00    0.00  100.00
23:42:00       7    0.00    0.00    0.00    0.00    0.00    0.00    0.00    0.00    0.00  100.00
23:42:00       8    0.00    0.00    0.00    0.00    0.00    0.00    0.00    0.00    0.00  100.00
23:42:00       9    0.00    0.00    0.00    0.00    0.00    0.00    0.00    0.00    0.00  100.00
23:42:00      10    0.00    0.00    0.00    0.00    0.00    0.00    0.00    0.00    0.00  100.00
23:42:00      11    0.00    0.00    0.00    0.00    0.00    0.00    0.00    0.00    0.00  100.00

23:42:00     CPU    %usr   %nice    %sys %iowait    %irq   %soft  %steal  %guest  %gnice   %idle
23:42:01     all    2.66    0.00    1.33    0.00    0.08    0.00    0.00    0.00    0.00   95.93
23:42:01       0    1.00    0.00    1.00    0.00    0.00    0.00    0.00    0.00    0.00   98.00
23:42:01       1   11.00    0.00    4.00    0.00    0.00    0.00    0.00    0.00    0.00   85.00
23:42:01       2    5.88    0.00    3.92    0.00    0.00    0.00    0.00    0.00    0.00   90.20
23:42:01       3    1.00    0.00    1.00    0.00    0.00    0.00    0.00    0.00    0.00   98.00
23:42:01       4    1.00    0.00    0.00    0.00    0.00    0.00    0.00    0.00    0.00   99.00
23:42:01       5    0.00    0.00    0.00    0.00    0.00    0.00    0.00    0.00    0.00  100.00
23:42:01       6    0.00    0.00    1.00    0.00    0.00    0.00    0.00    0.00    0.00   99.00
23:42:01       7    0.00    0.00    0.00    0.00    0.00    0.00    0.00    0.00    0.00  100.00
23:42:01       8    0.00    0.00    0.00    0.00    0.00    0.00    0.00    0.00    0.00  100.00
23:42:01       9    0.00    0.00    0.00    0.00    0.00    0.00    0.00    0.00    0.00  100.00
23:42:01      10    0.99    0.00    0.99    0.00    0.99    0.00    0.00    0.00    0.00   97.03
23:42:01      11   10.89    0.00    3.96    0.00    0.00    0.00    0.00    0.00    0.00   85.15

23:42:01     CPU    %usr   %nice    %sys %iowait    %irq   %soft  %steal  %guest  %gnice   %idle
23:42:02     all    0.67    0.00    0.17    0.00    0.00    0.08    0.00    0.00    0.00   99.08
23:42:02       0    0.99    0.00    0.99    0.00    0.00    0.99    0.00    0.00    0.00   97.03
23:42:02       1    0.00    0.00    1.01    0.00    0.00    0.00    0.00    0.00    0.00   98.99
23:42:02       2    0.00    0.00    0.00    0.00    0.00    0.00    0.00    0.00    0.00  100.00
23:42:02       3    0.00    0.00    0.00    0.00    0.00    0.00    0.00    0.00    0.00  100.00
23:42:02       4    0.00    0.00    0.00    0.00    0.00    0.00    0.00    0.00    0.00  100.00
23:42:02       5    0.00    0.00    0.00    0.00    0.00    0.00    0.00    0.00    0.00  100.00
23:42:02       6    0.00    0.00    0.00    0.00    0.00    0.00    0.00    0.00    0.00  100.00
23:42:02       7    0.00    0.00    0.00    0.00    0.00    0.00    0.00    0.00    0.00  100.00
23:42:02       8    0.00    0.00    0.00    0.00    0.00    0.00    0.00    0.00    0.00  100.00
23:42:02       9    0.00    0.00    0.00    0.00    0.00    0.00    0.00    0.00    0.00  100.00
23:42:02      10    7.07    0.00    0.00    0.00    0.00    0.00    0.00    0.00    0.00   92.93
23:42:02      11    0.00    0.00    0.00    0.00    0.00    0.00    0.00    0.00    0.00  100.00

23:42:02     CPU    %usr   %nice    %sys %iowait    %irq   %soft  %steal  %guest  %gnice   %idle
23:42:03     all    0.00    0.00    0.25    0.00    0.00    0.00    0.00    0.00    0.00   99.75
23:42:03       0    0.00    0.00    1.00    0.00    0.00    0.00    0.00    0.00    0.00   99.00
23:42:03       1    0.00    0.00    2.00    0.00    0.00    0.00    0.00    0.00    0.00   98.00
23:42:03       2    0.00    0.00    0.00    0.00    0.00    0.00    0.00    0.00    0.00  100.00
23:42:03       3    0.00    0.00    0.00    0.00    0.00    0.00    0.00    0.00    0.00  100.00
23:42:03       4    0.00    0.00    0.00    0.00    0.00    0.00    0.00    0.00    0.00  100.00
23:42:03       5    0.00    0.00    0.00    0.00    0.00    0.00    0.00    0.00    0.00  100.00
23:42:03       6    0.00    0.00    0.00    0.00    0.00    0.00    0.00    0.00    0.00  100.00
23:42:03       7    0.00    0.00    0.00    0.00    0.00    0.00    0.00    0.00    0.00  100.00
23:42:03       8    0.00    0.00    0.00    0.00    0.00    0.00    0.00    0.00    0.00  100.00
23:42:03       9    0.00    0.00    0.00    0.00    0.00    0.00    0.00    0.00    0.00  100.00
23:42:03      10    0.00    0.00    0.00    0.00    0.00    0.00    0.00    0.00    0.00  100.00
23:42:03      11    0.00    0.00    0.00    0.00    0.00    0.00    0.00    0.00    0.00  100.00

Average:     CPU    %usr   %nice    %sys %iowait    %irq   %soft  %steal  %guest  %gnice   %idle
Average:     all    0.73    0.00    0.42    0.00    0.05    0.02    0.00    0.00    0.00   98.78
Average:       0    1.00    0.00    0.80    0.00    0.00    0.20    0.00    0.00    0.00   98.00
Average:       1    2.20    0.00    2.00    0.00    0.20    0.00    0.00    0.00    0.00   95.60
Average:       2    1.20    0.00    0.80    0.00    0.20    0.00    0.00    0.00    0.00   97.81
Average:       3    0.20    0.00    0.20    0.00    0.00    0.00    0.00    0.00    0.00   99.60
Average:       4    0.20    0.00    0.00    0.00    0.00    0.00    0.00    0.00    0.00   99.80
Average:       5    0.00    0.00    0.00    0.00    0.00    0.00    0.00    0.00    0.00  100.00
Average:       6    0.00    0.00    0.20    0.00    0.00    0.00    0.00    0.00    0.00   99.80
Average:       7    0.00    0.00    0.00    0.00    0.00    0.00    0.00    0.00    0.00  100.00
Average:       8    0.00    0.00    0.00    0.00    0.00    0.00    0.00    0.00    0.00  100.00
Average:       9    0.20    0.00    0.00    0.00    0.00    0.00    0.00    0.00    0.00   99.80
Average:      10    1.60    0.00    0.20    0.00    0.20    0.00    0.00    0.00    0.00   98.00
Average:      11    2.20    0.00    0.80    0.00    0.00    0.00    0.00    0.00    0.00   97.00
