Linux 5.14.0-611.34.1.el9_7.x86_64 (benchmark-server) 	08/28/26 	_x86_64_	(12 CPU)

23:34:33     CPU    %usr   %nice    %sys %iowait    %irq   %soft  %steal  %guest  %gnice   %idle
23:34:34     all    0.17    0.00    0.17    0.00    0.00    0.00    0.00    0.00    0.00   99.67
23:34:34       0    0.00    0.00    0.00    0.00    0.00    0.00    0.00    0.00    0.00  100.00
23:34:34       1    0.00    0.00    0.00    0.00    0.00    0.00    0.00    0.00    0.00  100.00
23:34:34       2    0.00    0.00    0.00    0.00    0.00    0.00    0.00    0.00    0.00  100.00
23:34:34       3    0.99    0.00    0.00    0.00    0.00    0.00    0.00    0.00    0.00   99.01
23:34:34       4    0.00    0.00    1.00    0.00    0.00    0.00    0.00    0.00    0.00   99.00
23:34:34       5    0.00    0.00    0.99    0.00    0.00    0.00    0.00    0.00    0.00   99.01
23:34:34       6    0.99    0.00    0.00    0.00    0.00    0.00    0.00    0.00    0.00   99.01
23:34:34       7    0.00    0.00    0.00    0.00    0.00    0.00    0.00    0.00    0.00  100.00
23:34:34       8    0.00    0.00    0.00    0.00    0.00    0.00    0.00    0.00    0.00  100.00
23:34:34       9    0.00    0.00    0.00    0.00    0.00    0.00    0.00    0.00    0.00  100.00
23:34:34      10    0.00    0.00    0.00    0.00    0.00    0.00    0.00    0.00    0.00  100.00
23:34:34      11    0.00    0.00    0.00    0.00    0.00    0.00    0.00    0.00    0.00  100.00

23:34:34     CPU    %usr   %nice    %sys %iowait    %irq   %soft  %steal  %guest  %gnice   %idle
23:34:35     all    0.25    0.00    0.17    0.00    0.00    0.00    0.00    0.00    0.00   99.58
23:34:35       0    0.00    0.00    0.00    0.00    0.00    0.00    0.00    0.00    0.00  100.00
23:34:35       1    0.00    0.00    0.00    0.00    0.00    0.00    0.00    0.00    0.00  100.00
23:34:35       2    0.00    0.00    0.00    0.00    0.00    0.00    0.00    0.00    0.00  100.00
23:34:35       3    0.00    0.00    0.00    0.00    0.00    0.00    0.00    0.00    0.00  100.00
23:34:35       4    0.00    0.00    1.01    0.00    0.00    0.00    0.00    0.00    0.00   98.99
23:34:35       5    0.00    0.00    0.00    0.00    0.00    0.00    0.00    0.00    0.00  100.00
23:34:35       6    0.00    0.00    0.00    0.00    0.00    0.00    0.00    0.00    0.00  100.00
23:34:35       7    0.00    0.00    0.00    0.00    0.00    0.00    0.00    0.00    0.00  100.00
23:34:35       8    0.99    0.00    0.00    0.00    0.00    0.00    0.00    0.00    0.00   99.01
23:34:35       9    0.00    0.00    0.00    0.00    0.00    0.00    0.00    0.00    0.00  100.00
23:34:35      10    0.00    0.00    0.00    0.00    0.00    0.00    0.00    0.00    0.00  100.00
23:34:35      11    1.98    0.00    0.99    0.00    0.00    0.00    0.00    0.00    0.00   97.03

23:34:35     CPU    %usr   %nice    %sys %iowait    %irq   %soft  %steal  %guest  %gnice   %idle
23:34:36     all    0.83    0.00    0.25    0.00    0.00    0.00    0.00    0.00    0.00   98.92
23:34:36       0    0.00    0.00    0.00    0.00    0.00    0.00    0.00    0.00    0.00  100.00
23:34:36       1    0.00    0.00    0.00    0.00    0.00    0.00    0.00    0.00    0.00  100.00
23:34:36       2    0.00    0.00    0.00    0.00    0.00    0.00    0.00    0.00    0.00  100.00
23:34:36       3    0.00    0.00    0.00    0.00    0.00    0.00    0.00    0.00    0.00  100.00
23:34:36       4    1.00    0.00    1.00    0.00    0.00    0.00    0.00    0.00    0.00   98.00
23:34:36       5    0.00    0.00    0.00    0.00    0.00    0.00    0.00    0.00    0.00  100.00
23:34:36       6    0.00    0.00    0.00    0.00    0.00    0.00    0.00    0.00    0.00  100.00
23:34:36       7    0.00    0.00    0.00    0.00    0.00    0.00    0.00    0.00    0.00  100.00
23:34:36       8    0.00    0.00    1.00    0.00    0.00    0.00    0.00    0.00    0.00   99.00
23:34:36       9    7.92    0.00    0.99    0.00    0.00    0.00    0.00    0.00    0.00   91.09
23:34:36      10    0.00    0.00    0.00    0.00    0.00    0.00    0.00    0.00    0.00  100.00
23:34:36      11    1.00    0.00    0.00    0.00    0.00    0.00    0.00    0.00    0.00   99.00

23:34:36     CPU    %usr   %nice    %sys %iowait    %irq   %soft  %steal  %guest  %gnice   %idle
23:34:37     all    0.17    0.00    0.17    0.00    0.00    0.00    0.00    0.00    0.00   99.67
23:34:37       0    0.99    0.00    0.00    0.00    0.00    0.00    0.00    0.00    0.00   99.01
23:34:37       1    0.00    0.00    0.00    0.00    0.00    0.00    0.00    0.00    0.00  100.00
23:34:37       2    0.00    0.00    0.00    0.00    0.00    0.00    0.00    0.00    0.00  100.00
23:34:37       3    0.00    0.00    0.99    0.00    0.00    0.00    0.00    0.00    0.00   99.01
23:34:37       4    0.00    0.00    1.00    0.00    0.00    0.00    0.00    0.00    0.00   99.00
23:34:37       5    0.00    0.00    0.00    0.00    0.00    0.00    0.00    0.00    0.00  100.00
23:34:37       6    0.00    0.00    0.00    0.00    0.00    0.00    0.00    0.00    0.00  100.00
23:34:37       7    0.00    0.00    0.00    0.00    0.00    0.00    0.00    0.00    0.00  100.00
23:34:37       8    1.00    0.00    0.00    0.00    0.00    0.00    0.00    0.00    0.00   99.00
23:34:37       9    0.00    0.00    0.00    0.00    0.00    0.00    0.00    0.00    0.00  100.00
23:34:37      10    0.00    0.00    0.00    0.00    0.00    0.00    0.00    0.00    0.00  100.00
23:34:37      11    0.00    0.00    0.00    0.00    0.00    0.00    0.00    0.00    0.00  100.00

23:34:37     CPU    %usr   %nice    %sys %iowait    %irq   %soft  %steal  %guest  %gnice   %idle
23:34:38     all    0.25    0.00    0.25    0.00    0.00    0.00    0.00    0.00    0.00   99.50
23:34:38       0    0.00    0.00    0.00    0.00    0.00    0.00    0.00    0.00    0.00  100.00
23:34:38       1    3.00    0.00    0.00    0.00    0.00    0.00    0.00    0.00    0.00   97.00
23:34:38       2    0.00    0.00    0.00    0.00    0.00    0.00    0.00    0.00    0.00  100.00
23:34:38       3    0.00    0.00    0.00    0.00    0.00    0.00    0.00    0.00    0.00  100.00
23:34:38       4    0.00    0.00    2.00    0.00    0.00    0.00    0.00    0.00    0.00   98.00
23:34:38       5    0.00    0.00    0.00    0.00    0.00    0.00    0.00    0.00    0.00  100.00
23:34:38       6    0.00    0.00    0.00    0.00    0.00    0.00    0.00    0.00    0.00  100.00
23:34:38       7    0.00    0.00    0.00    0.00    0.00    0.00    0.00    0.00    0.00  100.00
23:34:38       8    0.00    0.00    1.00    0.00    0.00    0.00    0.00    0.00    0.00   99.00
23:34:38       9    0.00    0.00    0.00    0.00    0.00    0.00    0.00    0.00    0.00  100.00
23:34:38      10    0.00    0.00    0.00    0.00    0.00    0.00    0.00    0.00    0.00  100.00
23:34:38      11    0.00    0.00    0.00    0.00    0.00    0.00    0.00    0.00    0.00  100.00

Average:     CPU    %usr   %nice    %sys %iowait    %irq   %soft  %steal  %guest  %gnice   %idle
Average:     all    0.33    0.00    0.20    0.00    0.00    0.00    0.00    0.00    0.00   99.47
Average:       0    0.20    0.00    0.00    0.00    0.00    0.00    0.00    0.00    0.00   99.80
Average:       1    0.60    0.00    0.00    0.00    0.00    0.00    0.00    0.00    0.00   99.40
Average:       2    0.00    0.00    0.00    0.00    0.00    0.00    0.00    0.00    0.00  100.00
Average:       3    0.20    0.00    0.20    0.00    0.00    0.00    0.00    0.00    0.00   99.60
Average:       4    0.20    0.00    1.20    0.00    0.00    0.00    0.00    0.00    0.00   98.60
Average:       5    0.00    0.00    0.20    0.00    0.00    0.00    0.00    0.00    0.00   99.80
Average:       6    0.20    0.00    0.00    0.00    0.00    0.00    0.00    0.00    0.00   99.80
Average:       7    0.00    0.00    0.00    0.00    0.00    0.00    0.00    0.00    0.00  100.00
Average:       8    0.40    0.00    0.40    0.00    0.00    0.00    0.00    0.00    0.00   99.20
Average:       9    1.60    0.00    0.20    0.00    0.00    0.00    0.00    0.00    0.00   98.20
Average:      10    0.00    0.00    0.00    0.00    0.00    0.00    0.00    0.00    0.00  100.00
Average:      11    0.60    0.00    0.20    0.00    0.00    0.00    0.00    0.00    0.00   99.20
