Linux 5.14.0-611.34.1.el9_7.x86_64 (benchmark-server) 	08/28/26 	_x86_64_	(12 CPU)

23:49:54     CPU    %usr   %nice    %sys %iowait    %irq   %soft  %steal  %guest  %gnice   %idle
23:49:55     all    0.25    0.00    0.33    0.00    0.00    0.08    0.00    0.00    0.00   99.33
23:49:55       0    0.99    0.00    0.00    0.00    0.00    0.00    0.00    0.00    0.00   99.01
23:49:55       1    0.00    0.00    1.00    0.00    0.00    0.00    0.00    0.00    0.00   99.00
23:49:55       2    0.00    0.00    0.00    0.00    0.00    0.00    0.00    0.00    0.00  100.00
23:49:55       3    0.00    0.00    0.00    0.00    0.00    0.00    0.00    0.00    0.00  100.00
23:49:55       4    0.00    0.00    0.99    0.00    0.00    0.00    0.00    0.00    0.00   99.01
23:49:55       5    0.00    0.00    0.00    0.00    0.00    0.00    0.00    0.00    0.00  100.00
23:49:55       6    2.00    0.00    0.00    0.00    0.00    0.00    0.00    0.00    0.00   98.00
23:49:55       7    0.00    0.00    0.00    0.00    0.00    0.00    0.00    0.00    0.00  100.00
23:49:55       8    0.00    0.00    0.00    0.00    0.00    1.00    0.00    0.00    0.00   99.00
23:49:55       9    0.00    0.00    1.00    0.00    0.00    0.00    0.00    0.00    0.00   99.00
23:49:55      10    0.00    0.00    1.00    0.00    0.00    0.00    0.00    0.00    0.00   99.00
23:49:55      11    0.00    0.00    0.00    0.00    0.00    0.00    0.00    0.00    0.00  100.00

23:49:55     CPU    %usr   %nice    %sys %iowait    %irq   %soft  %steal  %guest  %gnice   %idle
23:49:56     all    0.42    0.00    0.25    0.00    0.00    0.00    0.00    0.00    0.00   99.33
23:49:56       0    0.00    0.00    0.00    0.00    0.00    0.00    0.00    0.00    0.00  100.00
23:49:56       1    0.00    0.00    0.00    0.00    0.00    0.00    0.00    0.00    0.00  100.00
23:49:56       2    0.00    0.00    0.00    0.00    0.00    0.00    0.00    0.00    0.00  100.00
23:49:56       3    0.00    0.00    0.00    0.00    0.00    0.00    0.00    0.00    0.00  100.00
23:49:56       4    0.00    0.00    0.00    0.00    0.00    0.00    0.00    0.00    0.00  100.00
23:49:56       5    0.00    0.00    0.00    0.00    0.00    0.00    0.00    0.00    0.00  100.00
23:49:56       6    1.00    0.00    1.00    0.00    0.00    0.00    0.00    0.00    0.00   98.00
23:49:56       7    0.00    0.00    0.00    0.00    0.00    0.00    0.00    0.00    0.00  100.00
23:49:56       8    0.00    0.00    0.00    0.00    0.00    0.00    0.00    0.00    0.00  100.00
23:49:56       9    1.00    0.00    0.00    0.00    0.00    0.00    0.00    0.00    0.00   99.00
23:49:56      10    0.99    0.00    0.99    0.00    0.00    0.00    0.00    0.00    0.00   98.02
23:49:56      11    2.00    0.00    1.00    0.00    0.00    0.00    0.00    0.00    0.00   97.00

23:49:56     CPU    %usr   %nice    %sys %iowait    %irq   %soft  %steal  %guest  %gnice   %idle
23:49:57     all    0.25    0.00    0.17    0.00    0.00    0.00    0.00    0.00    0.00   99.58
23:49:57       0    0.00    0.00    0.00    0.00    0.00    0.00    0.00    0.00    0.00  100.00
23:49:57       1    0.00    0.00    0.00    0.00    0.00    0.00    0.00    0.00    0.00  100.00
23:49:57       2    0.00    0.00    0.00    0.00    0.00    0.00    0.00    0.00    0.00  100.00
23:49:57       3    0.00    0.00    0.00    0.00    0.00    0.00    0.00    0.00    0.00  100.00
23:49:57       4    0.00    0.00    0.00    0.00    0.00    0.00    0.00    0.00    0.00  100.00
23:49:57       5    0.00    0.00    0.00    0.00    0.00    0.00    0.00    0.00    0.00  100.00
23:49:57       6    2.00    0.00    0.00    0.00    0.00    0.00    0.00    0.00    0.00   98.00
23:49:57       7    0.99    0.00    0.99    0.00    0.00    0.00    0.00    0.00    0.00   98.02
23:49:57       8    0.00    0.00    0.00    0.00    0.00    0.00    0.00    0.00    0.00  100.00
23:49:57       9    0.00    0.00    1.00    0.00    0.00    0.00    0.00    0.00    0.00   99.00
23:49:57      10    0.00    0.00    0.00    0.00    0.00    0.00    0.00    0.00    0.00  100.00
23:49:57      11    0.00    0.00    0.00    0.00    0.00    0.00    0.00    0.00    0.00  100.00

23:49:57     CPU    %usr   %nice    %sys %iowait    %irq   %soft  %steal  %guest  %gnice   %idle
23:49:58     all    0.17    0.00    0.08    0.00    0.00    0.08    0.00    0.00    0.00   99.67
23:49:58       0    0.00    0.00    0.00    0.00    0.00    0.00    0.00    0.00    0.00  100.00
23:49:58       1    1.01    0.00    0.00    0.00    0.00    0.00    0.00    0.00    0.00   98.99
23:49:58       2    0.00    0.00    0.00    0.00    0.00    0.00    0.00    0.00    0.00  100.00
23:49:58       3    0.00    0.00    0.00    0.00    0.00    0.00    0.00    0.00    0.00  100.00
23:49:58       4    0.00    0.00    1.00    0.00    0.00    0.00    0.00    0.00    0.00   99.00
23:49:58       5    0.00    0.00    0.00    0.00    0.00    0.00    0.00    0.00    0.00  100.00
23:49:58       6    1.02    0.00    0.00    0.00    0.00    0.00    0.00    0.00    0.00   98.98
23:49:58       7    0.00    0.00    0.00    0.00    0.00    0.00    0.00    0.00    0.00  100.00
23:49:58       8    0.00    0.00    0.00    0.00    0.00    0.00    0.00    0.00    0.00  100.00
23:49:58       9    0.00    0.00    0.00    0.00    0.00    0.00    0.00    0.00    0.00  100.00
23:49:58      10    0.00    0.00    0.00    0.00    0.00    0.00    0.00    0.00    0.00  100.00
23:49:58      11    0.00    0.00    0.00    0.00    0.00    1.00    0.00    0.00    0.00   99.00

23:49:58     CPU    %usr   %nice    %sys %iowait    %irq   %soft  %steal  %guest  %gnice   %idle
23:49:59     all    0.58    0.00    0.25    0.00    0.00    0.08    0.00    0.00    0.00   99.08
23:49:59       0    0.00    0.00    1.00    0.00    0.00    1.00    0.00    0.00    0.00   98.00
23:49:59       1    0.99    0.00    0.00    0.00    0.00    0.00    0.00    0.00    0.00   99.01
23:49:59       2    0.00    0.00    0.00    0.00    0.00    0.00    0.00    0.00    0.00  100.00
23:49:59       3    0.00    0.00    0.00    0.00    0.00    0.00    0.00    0.00    0.00  100.00
23:49:59       4    0.00    0.00    0.00    0.00    0.00    0.00    0.00    0.00    0.00  100.00
23:49:59       5    0.00    0.00    0.00    0.00    0.00    0.00    0.00    0.00    0.00  100.00
23:49:59       6    0.99    0.00    0.00    0.00    0.00    0.00    0.00    0.00    0.00   99.01
23:49:59       7    0.00    0.00    0.00    0.00    0.00    0.00    0.00    0.00    0.00  100.00
23:49:59       8    1.00    0.00    0.00    0.00    0.00    0.00    0.00    0.00    0.00   99.00
23:49:59       9    0.99    0.00    0.99    0.00    0.00    0.00    0.00    0.00    0.00   98.02
23:49:59      10    0.00    0.00    0.00    0.00    0.00    0.00    0.00    0.00    0.00  100.00
23:49:59      11    3.00    0.00    1.00    0.00    0.00    0.00    0.00    0.00    0.00   96.00

Average:     CPU    %usr   %nice    %sys %iowait    %irq   %soft  %steal  %guest  %gnice   %idle
Average:     all    0.33    0.00    0.22    0.00    0.00    0.05    0.00    0.00    0.00   99.40
Average:       0    0.20    0.00    0.20    0.00    0.00    0.20    0.00    0.00    0.00   99.40
Average:       1    0.40    0.00    0.20    0.00    0.00    0.00    0.00    0.00    0.00   99.40
Average:       2    0.00    0.00    0.00    0.00    0.00    0.00    0.00    0.00    0.00  100.00
Average:       3    0.00    0.00    0.00    0.00    0.00    0.00    0.00    0.00    0.00  100.00
Average:       4    0.00    0.00    0.40    0.00    0.00    0.00    0.00    0.00    0.00   99.60
Average:       5    0.00    0.00    0.00    0.00    0.00    0.00    0.00    0.00    0.00  100.00
Average:       6    1.40    0.00    0.20    0.00    0.00    0.00    0.00    0.00    0.00   98.40
Average:       7    0.20    0.00    0.20    0.00    0.00    0.00    0.00    0.00    0.00   99.60
Average:       8    0.20    0.00    0.00    0.00    0.00    0.20    0.00    0.00    0.00   99.60
Average:       9    0.40    0.00    0.60    0.00    0.00    0.00    0.00    0.00    0.00   99.00
Average:      10    0.20    0.00    0.40    0.00    0.00    0.00    0.00    0.00    0.00   99.40
Average:      11    1.00    0.00    0.40    0.00    0.00    0.20    0.00    0.00    0.00   98.40
