Linux 5.14.0-611.34.1.el9_7.x86_64 (benchmark-server) 	08/29/26 	_x86_64_	(12 CPU)

03:16:18     CPU    %usr   %nice    %sys %iowait    %irq   %soft  %steal  %guest  %gnice   %idle
03:16:19     all    0.58    0.00    0.25    0.00    0.00    0.17    0.00    0.00    0.00   99.00
03:16:19       0    0.00    0.00    0.00    0.00    0.00    0.99    0.00    0.00    0.00   99.01
03:16:19       1    0.00    0.00    0.00    0.00    0.00    0.00    0.00    0.00    0.00  100.00
03:16:19       2    0.00    0.00    0.00    0.00    0.00    0.00    0.00    0.00    0.00  100.00
03:16:19       3    0.00    0.00    0.00    0.00    0.00    0.00    0.00    0.00    0.00  100.00
03:16:19       4    0.00    0.00    0.00    0.00    0.00    0.00    0.00    0.00    0.00  100.00
03:16:19       5    0.00    0.00    0.00    0.00    0.00    0.00    0.00    0.00    0.00  100.00
03:16:19       6    0.00    0.00    1.00    0.00    0.00    0.00    0.00    0.00    0.00   99.00
03:16:19       7    0.00    0.00    1.00    0.00    0.00    1.00    0.00    0.00    0.00   98.00
03:16:19       8    0.00    0.00    0.00    0.00    0.00    0.00    0.00    0.00    0.00  100.00
03:16:19       9    1.00    0.00    0.00    0.00    0.00    0.00    0.00    0.00    0.00   99.00
03:16:19      10    0.00    0.00    0.00    0.00    0.00    0.00    0.00    0.00    0.00  100.00
03:16:19      11    6.00    0.00    1.00    0.00    0.00    0.00    0.00    0.00    0.00   93.00

03:16:19     CPU    %usr   %nice    %sys %iowait    %irq   %soft  %steal  %guest  %gnice   %idle
03:16:20     all    0.08    0.00    0.17    0.00    0.00    0.00    0.00    0.00    0.00   99.75
03:16:20       0    0.00    0.00    0.00    0.00    0.00    0.00    0.00    0.00    0.00  100.00
03:16:20       1    0.00    0.00    0.00    0.00    0.00    0.00    0.00    0.00    0.00  100.00
03:16:20       2    0.00    0.00    0.00    0.00    0.00    0.00    0.00    0.00    0.00  100.00
03:16:20       3    0.00    0.00    0.00    0.00    0.00    0.00    0.00    0.00    0.00  100.00
03:16:20       4    0.00    0.00    0.00    0.00    0.00    0.00    0.00    0.00    0.00  100.00
03:16:20       5    0.00    0.00    0.00    0.00    0.00    0.00    0.00    0.00    0.00  100.00
03:16:20       6    0.00    0.00    0.00    0.00    0.00    0.00    0.00    0.00    0.00  100.00
03:16:20       7    0.99    0.00    1.98    0.00    0.00    0.00    0.00    0.00    0.00   97.03
03:16:20       8    0.00    0.00    0.00    0.00    0.00    0.00    0.00    0.00    0.00  100.00
03:16:20       9    0.00    0.00    0.00    0.00    0.00    0.00    0.00    0.00    0.00  100.00
03:16:20      10    0.00    0.00    0.00    0.00    0.00    0.00    0.00    0.00    0.00  100.00
03:16:20      11    0.00    0.00    0.00    0.00    0.00    0.00    0.00    0.00    0.00  100.00

03:16:20     CPU    %usr   %nice    %sys %iowait    %irq   %soft  %steal  %guest  %gnice   %idle
03:16:21     all    0.25    0.00    0.17    0.00    0.00    0.00    0.00    0.00    0.00   99.58
03:16:21       0    0.00    0.00    0.00    0.00    0.00    0.00    0.00    0.00    0.00  100.00
03:16:21       1    0.00    0.00    0.99    0.00    0.00    0.00    0.00    0.00    0.00   99.01
03:16:21       2    0.00    0.00    0.00    0.00    0.00    0.00    0.00    0.00    0.00  100.00
03:16:21       3    0.00    0.00    0.00    0.00    0.00    0.00    0.00    0.00    0.00  100.00
03:16:21       4    0.00    0.00    0.00    0.00    0.00    0.00    0.00    0.00    0.00  100.00
03:16:21       5    0.00    0.00    0.00    0.00    0.00    0.00    0.00    0.00    0.00  100.00
03:16:21       6    1.00    0.00    0.00    0.00    0.00    0.00    0.00    0.00    0.00   99.00
03:16:21       7    0.00    0.00    0.00    0.00    0.00    0.00    0.00    0.00    0.00  100.00
03:16:21       8    1.00    0.00    1.00    0.00    0.00    0.00    0.00    0.00    0.00   98.00
03:16:21       9    0.00    0.00    0.00    0.00    0.00    0.00    0.00    0.00    0.00  100.00
03:16:21      10    0.99    0.00    0.00    0.00    0.00    0.00    0.00    0.00    0.00   99.01
03:16:21      11    0.00    0.00    0.00    0.00    0.00    0.00    0.00    0.00    0.00  100.00

03:16:21     CPU    %usr   %nice    %sys %iowait    %irq   %soft  %steal  %guest  %gnice   %idle
03:16:22     all    0.17    0.00    0.33    0.00    0.08    0.00    0.00    0.00    0.00   99.42
03:16:22       0    0.00    0.00    0.00    0.00    0.00    0.00    0.00    0.00    0.00  100.00
03:16:22       1    0.00    0.00    0.00    0.00    0.00    0.00    0.00    0.00    0.00  100.00
03:16:22       2    0.00    0.00    0.00    0.00    0.00    0.00    0.00    0.00    0.00  100.00
03:16:22       3    0.00    0.00    1.00    0.00    0.00    0.00    0.00    0.00    0.00   99.00
03:16:22       4    0.00    0.00    0.00    0.00    0.00    0.00    0.00    0.00    0.00  100.00
03:16:22       5    0.00    0.00    0.00    0.00    0.00    0.00    0.00    0.00    0.00  100.00
03:16:22       6    0.00    0.00    1.00    0.00    0.00    0.00    0.00    0.00    0.00   99.00
03:16:22       7    0.00    0.00    1.00    0.00    0.00    0.00    0.00    0.00    0.00   99.00
03:16:22       8    0.00    0.00    0.00    0.00    0.00    0.00    0.00    0.00    0.00  100.00
03:16:22       9    0.00    0.00    0.00    0.00    0.00    0.00    0.00    0.00    0.00  100.00
03:16:22      10    0.00    0.00    0.00    0.00    0.00    0.00    0.00    0.00    0.00  100.00
03:16:22      11    1.96    0.00    0.98    0.00    0.98    0.00    0.00    0.00    0.00   96.08

03:16:22     CPU    %usr   %nice    %sys %iowait    %irq   %soft  %steal  %guest  %gnice   %idle
03:16:23     all    0.33    0.00    0.25    0.00    0.08    0.00    0.00    0.00    0.00   99.33
03:16:23       0    0.00    0.00    0.00    0.00    0.00    0.00    0.00    0.00    0.00  100.00
03:16:23       1    0.00    0.00    0.00    0.00    0.00    0.00    0.00    0.00    0.00  100.00
03:16:23       2    0.00    0.00    0.00    0.00    0.00    0.00    0.00    0.00    0.00  100.00
03:16:23       3    0.00    0.00    0.00    0.00    0.00    0.00    0.00    0.00    0.00  100.00
03:16:23       4    1.01    0.00    1.01    0.00    0.00    0.00    0.00    0.00    0.00   97.98
03:16:23       5    0.00    0.00    0.00    0.00    1.00    0.00    0.00    0.00    0.00   99.00
03:16:23       6    1.98    0.00    0.00    0.00    0.00    0.00    0.00    0.00    0.00   98.02
03:16:23       7    0.00    0.00    1.01    0.00    0.00    0.00    0.00    0.00    0.00   98.99
03:16:23       8    0.00    0.00    0.00    0.00    0.00    0.00    0.00    0.00    0.00  100.00
03:16:23       9    0.00    0.00    0.00    0.00    0.00    0.00    0.00    0.00    0.00  100.00
03:16:23      10    0.00    0.00    0.99    0.00    0.00    0.00    0.00    0.00    0.00   99.01
03:16:23      11    0.99    0.00    0.00    0.00    0.00    0.00    0.00    0.00    0.00   99.01

Average:     CPU    %usr   %nice    %sys %iowait    %irq   %soft  %steal  %guest  %gnice   %idle
Average:     all    0.28    0.00    0.23    0.00    0.03    0.03    0.00    0.00    0.00   99.42
Average:       0    0.00    0.00    0.00    0.00    0.00    0.20    0.00    0.00    0.00   99.80
Average:       1    0.00    0.00    0.20    0.00    0.00    0.00    0.00    0.00    0.00   99.80
Average:       2    0.00    0.00    0.00    0.00    0.00    0.00    0.00    0.00    0.00  100.00
Average:       3    0.00    0.00    0.20    0.00    0.00    0.00    0.00    0.00    0.00   99.80
Average:       4    0.20    0.00    0.20    0.00    0.00    0.00    0.00    0.00    0.00   99.60
Average:       5    0.00    0.00    0.00    0.00    0.20    0.00    0.00    0.00    0.00   99.80
Average:       6    0.60    0.00    0.40    0.00    0.00    0.00    0.00    0.00    0.00   99.00
Average:       7    0.20    0.00    1.00    0.00    0.00    0.20    0.00    0.00    0.00   98.60
Average:       8    0.20    0.00    0.20    0.00    0.00    0.00    0.00    0.00    0.00   99.60
Average:       9    0.20    0.00    0.00    0.00    0.00    0.00    0.00    0.00    0.00   99.80
Average:      10    0.20    0.00    0.20    0.00    0.00    0.00    0.00    0.00    0.00   99.60
Average:      11    1.79    0.00    0.40    0.00    0.20    0.00    0.00    0.00    0.00   97.61
