Linux 5.14.0-611.34.1.el9_7.x86_64 (benchmark-server) 	08/29/26 	_x86_64_	(12 CPU)

05:02:54     CPU    %usr   %nice    %sys %iowait    %irq   %soft  %steal  %guest  %gnice   %idle
05:02:55     all    0.00    0.00    0.08    0.00    0.00    0.00    0.00    0.00    0.00   99.92
05:02:55       0    0.00    0.00    0.00    0.00    0.00    0.00    0.00    0.00    0.00  100.00
05:02:55       1    0.00    0.00    0.00    0.00    0.00    0.00    0.00    0.00    0.00  100.00
05:02:55       2    0.00    0.00    0.00    0.00    0.00    0.00    0.00    0.00    0.00  100.00
05:02:55       3    0.00    0.00    0.00    0.00    0.00    0.00    0.00    0.00    0.00  100.00
05:02:55       4    0.00    0.00    0.00    0.00    0.00    0.00    0.00    0.00    0.00  100.00
05:02:55       5    0.00    0.00    0.00    0.00    0.00    0.00    0.00    0.00    0.00  100.00
05:02:55       6    0.00    0.00    0.00    0.00    0.00    0.00    0.00    0.00    0.00  100.00
05:02:55       7    0.00    0.00    0.99    0.00    0.00    0.00    0.00    0.00    0.00   99.01
05:02:55       8    0.00    0.00    0.00    0.00    0.00    0.00    0.00    0.00    0.00  100.00
05:02:55       9    0.00    0.00    0.00    0.00    0.00    0.00    0.00    0.00    0.00  100.00
05:02:55      10    0.00    0.00    0.00    0.00    0.00    0.00    0.00    0.00    0.00  100.00
05:02:55      11    0.00    0.00    0.00    0.00    0.00    0.00    0.00    0.00    0.00  100.00

05:02:55     CPU    %usr   %nice    %sys %iowait    %irq   %soft  %steal  %guest  %gnice   %idle
05:02:56     all    0.17    0.00    0.33    0.00    0.00    0.00    0.00    0.00    0.00   99.50
05:02:56       0    0.00    0.00    0.00    0.00    0.00    0.00    0.00    0.00    0.00  100.00
05:02:56       1    0.00    0.00    0.00    0.00    0.00    0.00    0.00    0.00    0.00  100.00
05:02:56       2    0.00    0.00    0.00    0.00    0.00    0.00    0.00    0.00    0.00  100.00
05:02:56       3    0.00    0.00    0.00    0.00    0.00    0.00    0.00    0.00    0.00  100.00
05:02:56       4    0.00    0.00    0.00    0.00    0.00    0.00    0.00    0.00    0.00  100.00
05:02:56       5    0.00    0.00    0.00    0.00    0.00    0.00    0.00    0.00    0.00  100.00
05:02:56       6    0.00    0.00    0.00    0.00    0.00    0.00    0.00    0.00    0.00  100.00
05:02:56       7    0.00    0.00    0.00    0.00    0.00    0.00    0.00    0.00    0.00  100.00
05:02:56       8    0.99    0.00    0.99    0.00    0.00    0.00    0.00    0.00    0.00   98.02
05:02:56       9    0.99    0.00    1.98    0.00    0.00    0.00    0.00    0.00    0.00   97.03
05:02:56      10    0.00    0.00    1.00    0.00    0.00    0.00    0.00    0.00    0.00   99.00
05:02:56      11    0.00    0.00    0.00    0.00    0.00    0.00    0.00    0.00    0.00  100.00

05:02:56     CPU    %usr   %nice    %sys %iowait    %irq   %soft  %steal  %guest  %gnice   %idle
05:02:57     all    1.83    0.00    0.25    0.00    0.00    0.00    0.00    0.00    0.00   97.92
05:02:57       0    6.00    0.00    0.00    0.00    0.00    0.00    0.00    0.00    0.00   94.00
05:02:57       1    5.00    0.00    0.00    0.00    0.00    0.00    0.00    0.00    0.00   95.00
05:02:57       2    0.00    0.00    0.00    0.00    0.00    0.00    0.00    0.00    0.00  100.00
05:02:57       3    0.00    0.00    0.99    0.00    0.00    0.00    0.00    0.00    0.00   99.01
05:02:57       4    0.00    0.00    0.00    0.00    0.00    0.00    0.00    0.00    0.00  100.00
05:02:57       5    4.95    0.00    0.00    0.00    0.00    0.00    0.00    0.00    0.00   95.05
05:02:57       6    0.00    0.00    0.00    0.00    0.00    0.00    0.00    0.00    0.00  100.00
05:02:57       7    0.99    0.00    0.99    0.00    0.00    0.00    0.00    0.00    0.00   98.02
05:02:57       8    0.00    0.00    0.00    0.00    0.00    0.00    0.00    0.00    0.00  100.00
05:02:57       9    0.00    0.00    0.00    0.00    0.00    0.00    0.00    0.00    0.00  100.00
05:02:57      10    1.01    0.00    0.00    0.00    0.00    0.00    0.00    0.00    0.00   98.99
05:02:57      11    4.00    0.00    1.00    0.00    0.00    0.00    0.00    0.00    0.00   95.00

05:02:57     CPU    %usr   %nice    %sys %iowait    %irq   %soft  %steal  %guest  %gnice   %idle
05:02:58     all    0.08    0.00    0.25    0.00    0.00    0.00    0.00    0.00    0.00   99.67
05:02:58       0    0.00    0.00    0.00    0.00    0.00    0.00    0.00    0.00    0.00  100.00
05:02:58       1    0.00    0.00    0.00    0.00    0.00    0.00    0.00    0.00    0.00  100.00
05:02:58       2    0.00    0.00    0.00    0.00    0.00    0.00    0.00    0.00    0.00  100.00
05:02:58       3    0.00    0.00    0.00    0.00    0.00    0.00    0.00    0.00    0.00  100.00
05:02:58       4    0.00    0.00    0.00    0.00    0.00    0.00    0.00    0.00    0.00  100.00
05:02:58       5    0.00    0.00    0.00    0.00    0.00    0.00    0.00    0.00    0.00  100.00
05:02:58       6    0.00    0.00    0.99    0.00    0.00    0.00    0.00    0.00    0.00   99.01
05:02:58       7    0.00    0.00    0.00    0.00    0.00    0.00    0.00    0.00    0.00  100.00
05:02:58       8    0.99    0.00    0.99    0.00    0.00    0.00    0.00    0.00    0.00   98.02
05:02:58       9    0.00    0.00    1.01    0.00    0.00    0.00    0.00    0.00    0.00   98.99
05:02:58      10    0.00    0.00    0.00    0.00    0.00    0.00    0.00    0.00    0.00  100.00
05:02:58      11    0.00    0.00    0.00    0.00    0.00    0.00    0.00    0.00    0.00  100.00

05:02:58     CPU    %usr   %nice    %sys %iowait    %irq   %soft  %steal  %guest  %gnice   %idle
05:02:59     all    0.08    0.00    0.17    0.00    0.00    0.00    0.00    0.00    0.00   99.75
05:02:59       0    0.00    0.00    0.00    0.00    0.00    0.00    0.00    0.00    0.00  100.00
05:02:59       1    0.00    0.00    0.00    0.00    0.00    0.00    0.00    0.00    0.00  100.00
05:02:59       2    0.00    0.00    0.00    0.00    0.00    0.00    0.00    0.00    0.00  100.00
05:02:59       3    0.00    0.00    0.00    0.00    0.00    0.00    0.00    0.00    0.00  100.00
05:02:59       4    0.00    0.00    0.00    0.00    0.00    0.00    0.00    0.00    0.00  100.00
05:02:59       5    0.00    0.00    0.00    0.00    0.00    0.00    0.00    0.00    0.00  100.00
05:02:59       6    0.00    0.00    0.00    0.00    0.00    0.00    0.00    0.00    0.00  100.00
05:02:59       7    0.00    0.00    0.00    0.00    0.00    0.00    0.00    0.00    0.00  100.00
05:02:59       8    0.00    0.00    0.00    0.00    0.00    0.00    0.00    0.00    0.00  100.00
05:02:59       9    1.00    0.00    1.00    0.00    0.00    0.00    0.00    0.00    0.00   98.00
05:02:59      10    0.00    0.00    1.00    0.00    0.00    0.00    0.00    0.00    0.00   99.00
05:02:59      11    0.00    0.00    0.00    0.00    0.00    0.00    0.00    0.00    0.00  100.00

Average:     CPU    %usr   %nice    %sys %iowait    %irq   %soft  %steal  %guest  %gnice   %idle
Average:     all    0.43    0.00    0.22    0.00    0.00    0.00    0.00    0.00    0.00   99.35
Average:       0    1.20    0.00    0.00    0.00    0.00    0.00    0.00    0.00    0.00   98.80
Average:       1    1.00    0.00    0.00    0.00    0.00    0.00    0.00    0.00    0.00   99.00
Average:       2    0.00    0.00    0.00    0.00    0.00    0.00    0.00    0.00    0.00  100.00
Average:       3    0.00    0.00    0.20    0.00    0.00    0.00    0.00    0.00    0.00   99.80
Average:       4    0.00    0.00    0.00    0.00    0.00    0.00    0.00    0.00    0.00  100.00
Average:       5    1.00    0.00    0.00    0.00    0.00    0.00    0.00    0.00    0.00   99.00
Average:       6    0.00    0.00    0.20    0.00    0.00    0.00    0.00    0.00    0.00   99.80
Average:       7    0.20    0.00    0.40    0.00    0.00    0.00    0.00    0.00    0.00   99.40
Average:       8    0.40    0.00    0.40    0.00    0.00    0.00    0.00    0.00    0.00   99.20
Average:       9    0.40    0.00    0.80    0.00    0.00    0.00    0.00    0.00    0.00   98.80
Average:      10    0.20    0.00    0.40    0.00    0.00    0.00    0.00    0.00    0.00   99.40
Average:      11    0.80    0.00    0.20    0.00    0.00    0.00    0.00    0.00    0.00   99.00
