Linux 5.14.0-611.34.1.el9_7.x86_64 (benchmark-server) 	08/29/26 	_x86_64_	(12 CPU)

04:16:21     CPU    %usr   %nice    %sys %iowait    %irq   %soft  %steal  %guest  %gnice   %idle
04:16:22     all    0.17    0.00    0.25    0.00    0.08    0.08    0.00    0.00    0.00   99.42
04:16:22       0    0.00    0.00    1.00    0.00    0.00    0.00    0.00    0.00    0.00   99.00
04:16:22       1    0.00    0.00    0.99    0.00    0.00    0.00    0.00    0.00    0.00   99.01
04:16:22       2    0.00    0.00    0.00    0.00    0.00    0.00    0.00    0.00    0.00  100.00
04:16:22       3    0.00    0.00    0.00    0.00    0.00    0.00    0.00    0.00    0.00  100.00
04:16:22       4    0.00    0.00    0.00    0.00    0.00    0.99    0.00    0.00    0.00   99.01
04:16:22       5    0.00    0.00    0.00    0.00    0.00    0.00    0.00    0.00    0.00  100.00
04:16:22       6    1.01    0.00    0.00    0.00    0.00    0.00    0.00    0.00    0.00   98.99
04:16:22       7    0.00    0.00    0.00    0.00    0.00    0.00    0.00    0.00    0.00  100.00
04:16:22       8    0.00    0.00    0.00    0.00    0.00    0.00    0.00    0.00    0.00  100.00
04:16:22       9    0.00    0.00    1.00    0.00    0.00    0.00    0.00    0.00    0.00   99.00
04:16:22      10    1.01    0.00    0.00    0.00    0.00    0.00    0.00    0.00    0.00   98.99
04:16:22      11    0.00    0.00    0.00    0.00    0.99    0.00    0.00    0.00    0.00   99.01

04:16:22     CPU    %usr   %nice    %sys %iowait    %irq   %soft  %steal  %guest  %gnice   %idle
04:16:23     all    0.33    0.00    0.17    0.00    0.00    0.08    0.00    0.00    0.00   99.42
04:16:23       0    0.99    0.00    0.99    0.00    0.00    0.99    0.00    0.00    0.00   97.03
04:16:23       1    0.00    0.00    0.00    0.00    0.00    0.00    0.00    0.00    0.00  100.00
04:16:23       2    0.00    0.00    0.00    0.00    0.00    0.00    0.00    0.00    0.00  100.00
04:16:23       3    0.00    0.00    0.00    0.00    0.00    0.00    0.00    0.00    0.00  100.00
04:16:23       4    0.00    0.00    0.00    0.00    0.00    0.00    0.00    0.00    0.00  100.00
04:16:23       5    0.00    0.00    0.00    0.00    0.00    0.00    0.00    0.00    0.00  100.00
04:16:23       6    2.00    0.00    0.00    0.00    0.00    0.00    0.00    0.00    0.00   98.00
04:16:23       7    0.00    0.00    0.00    0.00    0.00    0.00    0.00    0.00    0.00  100.00
04:16:23       8    0.00    0.00    0.00    0.00    0.00    0.00    0.00    0.00    0.00  100.00
04:16:23       9    0.00    0.00    0.00    0.00    0.00    0.00    0.00    0.00    0.00  100.00
04:16:23      10    0.00    0.00    0.99    0.00    0.00    0.00    0.00    0.00    0.00   99.01
04:16:23      11    0.99    0.00    0.00    0.00    0.00    0.00    0.00    0.00    0.00   99.01

04:16:23     CPU    %usr   %nice    %sys %iowait    %irq   %soft  %steal  %guest  %gnice   %idle
04:16:24     all    0.17    0.00    0.17    0.00    0.00    0.00    0.00    0.00    0.00   99.67
04:16:24       0    0.00    0.00    0.99    0.00    0.00    0.00    0.00    0.00    0.00   99.01
04:16:24       1    1.00    0.00    0.00    0.00    0.00    0.00    0.00    0.00    0.00   99.00
04:16:24       2    0.00    0.00    0.00    0.00    0.00    0.00    0.00    0.00    0.00  100.00
04:16:24       3    0.00    0.00    0.00    0.00    0.00    0.00    0.00    0.00    0.00  100.00
04:16:24       4    0.00    0.00    0.00    0.00    0.00    0.00    0.00    0.00    0.00  100.00
04:16:24       5    0.00    0.00    0.00    0.00    0.00    0.00    0.00    0.00    0.00  100.00
04:16:24       6    0.99    0.00    0.00    0.00    0.00    0.00    0.00    0.00    0.00   99.01
04:16:24       7    0.00    0.00    0.00    0.00    0.00    0.00    0.00    0.00    0.00  100.00
04:16:24       8    0.00    0.00    0.00    0.00    0.00    0.00    0.00    0.00    0.00  100.00
04:16:24       9    0.00    0.00    0.00    0.00    0.00    0.00    0.00    0.00    0.00  100.00
04:16:24      10    0.00    0.00    0.00    0.00    0.00    0.00    0.00    0.00    0.00  100.00
04:16:24      11    0.00    0.00    1.01    0.00    0.00    0.00    0.00    0.00    0.00   98.99

04:16:24     CPU    %usr   %nice    %sys %iowait    %irq   %soft  %steal  %guest  %gnice   %idle
04:16:25     all    0.17    0.00    0.25    0.00    0.00    0.00    0.00    0.00    0.00   99.58
04:16:25       0    0.00    0.00    0.00    0.00    0.00    0.00    0.00    0.00    0.00  100.00
04:16:25       1    0.00    0.00    0.00    0.00    0.00    0.00    0.00    0.00    0.00  100.00
04:16:25       2    0.00    0.00    0.00    0.00    0.00    0.00    0.00    0.00    0.00  100.00
04:16:25       3    0.00    0.00    0.00    0.00    0.00    0.00    0.00    0.00    0.00  100.00
04:16:25       4    0.00    0.00    0.00    0.00    0.00    0.00    0.00    0.00    0.00  100.00
04:16:25       5    0.00    0.00    0.00    0.00    0.00    0.00    0.00    0.00    0.00  100.00
04:16:25       6    0.00    0.00    0.00    0.00    0.00    0.00    0.00    0.00    0.00  100.00
04:16:25       7    0.00    0.00    0.00    0.00    0.00    0.00    0.00    0.00    0.00  100.00
04:16:25       8    0.98    0.00    0.98    0.00    0.00    0.00    0.00    0.00    0.00   98.04
04:16:25       9    1.00    0.00    1.00    0.00    0.00    0.00    0.00    0.00    0.00   98.00
04:16:25      10    0.00    0.00    0.00    0.00    0.00    0.00    0.00    0.00    0.00  100.00
04:16:25      11    0.00    0.00    0.99    0.00    0.00    0.00    0.00    0.00    0.00   99.01

04:16:25     CPU    %usr   %nice    %sys %iowait    %irq   %soft  %steal  %guest  %gnice   %idle
04:16:26     all    0.00    0.00    0.08    0.00    0.00    0.00    0.00    0.00    0.00   99.92
04:16:26       0    0.00    0.00    0.00    0.00    0.00    0.00    0.00    0.00    0.00  100.00
04:16:26       1    0.00    0.00    0.00    0.00    0.00    0.00    0.00    0.00    0.00  100.00
04:16:26       2    0.00    0.00    0.00    0.00    0.00    0.00    0.00    0.00    0.00  100.00
04:16:26       3    0.00    0.00    0.00    0.00    0.00    0.00    0.00    0.00    0.00  100.00
04:16:26       4    0.00    0.00    0.00    0.00    0.00    0.00    0.00    0.00    0.00  100.00
04:16:26       5    0.00    0.00    0.00    0.00    0.00    0.00    0.00    0.00    0.00  100.00
04:16:26       6    0.00    0.00    0.00    0.00    0.00    0.00    0.00    0.00    0.00  100.00
04:16:26       7    0.00    0.00    0.00    0.00    0.00    0.00    0.00    0.00    0.00  100.00
04:16:26       8    0.00    0.00    0.00    0.00    0.00    0.00    0.00    0.00    0.00  100.00
04:16:26       9    0.00    0.00    1.00    0.00    0.00    0.00    0.00    0.00    0.00   99.00
04:16:26      10    0.00    0.00    0.00    0.00    0.00    0.00    0.00    0.00    0.00  100.00
04:16:26      11    0.00    0.00    0.00    0.00    0.00    0.00    0.00    0.00    0.00  100.00

Average:     CPU    %usr   %nice    %sys %iowait    %irq   %soft  %steal  %guest  %gnice   %idle
Average:     all    0.17    0.00    0.18    0.00    0.02    0.03    0.00    0.00    0.00   99.60
Average:       0    0.20    0.00    0.60    0.00    0.00    0.20    0.00    0.00    0.00   99.00
Average:       1    0.20    0.00    0.20    0.00    0.00    0.00    0.00    0.00    0.00   99.60
Average:       2    0.00    0.00    0.00    0.00    0.00    0.00    0.00    0.00    0.00  100.00
Average:       3    0.00    0.00    0.00    0.00    0.00    0.00    0.00    0.00    0.00  100.00
Average:       4    0.00    0.00    0.00    0.00    0.00    0.20    0.00    0.00    0.00   99.80
Average:       5    0.00    0.00    0.00    0.00    0.00    0.00    0.00    0.00    0.00  100.00
Average:       6    0.80    0.00    0.00    0.00    0.00    0.00    0.00    0.00    0.00   99.20
Average:       7    0.00    0.00    0.00    0.00    0.00    0.00    0.00    0.00    0.00  100.00
Average:       8    0.20    0.00    0.20    0.00    0.00    0.00    0.00    0.00    0.00   99.60
Average:       9    0.20    0.00    0.60    0.00    0.00    0.00    0.00    0.00    0.00   99.20
Average:      10    0.20    0.00    0.20    0.00    0.00    0.00    0.00    0.00    0.00   99.60
Average:      11    0.20    0.00    0.40    0.00    0.20    0.00    0.00    0.00    0.00   99.20
