Linux 5.14.0-611.34.1.el9_7.x86_64 (benchmark-server) 	08/29/26 	_x86_64_	(12 CPU)

05:21:50     CPU    %usr   %nice    %sys %iowait    %irq   %soft  %steal  %guest  %gnice   %idle
05:21:51     all    0.00    0.00    0.08    0.00    0.00    0.00    0.00    0.00    0.00   99.92
05:21:51       0    0.00    0.00    0.00    0.00    0.00    0.00    0.00    0.00    0.00  100.00
05:21:51       1    0.00    0.00    1.00    0.00    0.00    0.00    0.00    0.00    0.00   99.00
05:21:51       2    0.00    0.00    0.00    0.00    0.00    0.00    0.00    0.00    0.00  100.00
05:21:51       3    0.00    0.00    0.00    0.00    0.00    0.00    0.00    0.00    0.00  100.00
05:21:51       4    0.00    0.00    0.00    0.00    0.00    0.00    0.00    0.00    0.00  100.00
05:21:51       5    0.00    0.00    0.00    0.00    0.00    0.00    0.00    0.00    0.00  100.00
05:21:51       6    0.00    0.00    0.00    0.00    0.00    0.00    0.00    0.00    0.00  100.00
05:21:51       7    0.00    0.00    0.00    0.00    0.00    0.00    0.00    0.00    0.00  100.00
05:21:51       8    0.00    0.00    0.00    0.00    0.00    0.00    0.00    0.00    0.00  100.00
05:21:51       9    0.00    0.00    0.00    0.00    0.00    0.00    0.00    0.00    0.00  100.00
05:21:51      10    0.00    0.00    0.00    0.00    0.00    0.00    0.00    0.00    0.00  100.00
05:21:51      11    0.00    0.00    0.00    0.00    0.00    0.00    0.00    0.00    0.00  100.00

05:21:51     CPU    %usr   %nice    %sys %iowait    %irq   %soft  %steal  %guest  %gnice   %idle
05:21:52     all    0.33    0.00    0.17    0.00    0.00    0.00    0.00    0.00    0.00   99.50
05:21:52       0    0.00    0.00    0.00    0.00    0.00    0.00    0.00    0.00    0.00  100.00
05:21:52       1    0.00    0.00    1.01    0.00    0.00    0.00    0.00    0.00    0.00   98.99
05:21:52       2    0.00    0.00    0.00    0.00    0.00    0.00    0.00    0.00    0.00  100.00
05:21:52       3    0.00    0.00    0.00    0.00    0.00    0.00    0.00    0.00    0.00  100.00
05:21:52       4    0.00    0.00    0.00    0.00    0.00    0.00    0.00    0.00    0.00  100.00
05:21:52       5    0.99    0.00    0.00    0.00    0.00    0.00    0.00    0.00    0.00   99.01
05:21:52       6    0.00    0.00    0.00    0.00    0.00    0.00    0.00    0.00    0.00  100.00
05:21:52       7    0.00    0.00    0.00    0.00    0.00    0.00    0.00    0.00    0.00  100.00
05:21:52       8    0.00    0.00    0.00    0.00    0.00    0.00    0.00    0.00    0.00  100.00
05:21:52       9    0.00    0.00    0.00    0.00    0.00    0.00    0.00    0.00    0.00  100.00
05:21:52      10    0.00    0.00    0.00    0.00    0.00    0.00    0.00    0.00    0.00  100.00
05:21:52      11    2.97    0.00    0.99    0.00    0.00    0.00    0.00    0.00    0.00   96.04

05:21:52     CPU    %usr   %nice    %sys %iowait    %irq   %soft  %steal  %guest  %gnice   %idle
05:21:53     all    0.17    0.00    0.17    0.00    0.00    0.00    0.00    0.00    0.00   99.67
05:21:53       0    1.00    0.00    0.00    0.00    0.00    0.00    0.00    0.00    0.00   99.00
05:21:53       1    0.00    0.00    0.00    0.00    0.00    0.00    0.00    0.00    0.00  100.00
05:21:53       2    0.99    0.00    1.98    0.00    0.00    0.00    0.00    0.00    0.00   97.03
05:21:53       3    0.00    0.00    0.00    0.00    0.00    0.00    0.00    0.00    0.00  100.00
05:21:53       4    0.00    0.00    0.00    0.00    0.00    0.00    0.00    0.00    0.00  100.00
05:21:53       5    0.00    0.00    0.00    0.00    0.00    0.00    0.00    0.00    0.00  100.00
05:21:53       6    0.00    0.00    0.00    0.00    0.00    0.00    0.00    0.00    0.00  100.00
05:21:53       7    0.00    0.00    0.00    0.00    0.00    0.00    0.00    0.00    0.00  100.00
05:21:53       8    0.00    0.00    0.00    0.00    0.00    0.00    0.00    0.00    0.00  100.00
05:21:53       9    0.00    0.00    0.00    0.00    0.00    0.00    0.00    0.00    0.00  100.00
05:21:53      10    0.00    0.00    0.00    0.00    0.00    0.00    0.00    0.00    0.00  100.00
05:21:53      11    0.00    0.00    0.00    0.00    0.00    0.00    0.00    0.00    0.00  100.00

05:21:53     CPU    %usr   %nice    %sys %iowait    %irq   %soft  %steal  %guest  %gnice   %idle
05:21:54     all    0.25    0.00    0.25    0.00    0.00    0.00    0.00    0.00    0.00   99.50
05:21:54       0    0.00    0.00    0.00    0.00    0.00    0.00    0.00    0.00    0.00  100.00
05:21:54       1    0.99    0.00    0.99    0.00    0.00    0.00    0.00    0.00    0.00   98.02
05:21:54       2    0.00    0.00    1.00    0.00    0.00    0.00    0.00    0.00    0.00   99.00
05:21:54       3    0.00    0.00    0.00    0.00    0.00    0.00    0.00    0.00    0.00  100.00
05:21:54       4    0.00    0.00    0.00    0.00    0.00    0.00    0.00    0.00    0.00  100.00
05:21:54       5    0.00    0.00    0.00    0.00    0.00    0.00    0.00    0.00    0.00  100.00
05:21:54       6    0.00    0.00    0.00    0.00    0.00    0.00    0.00    0.00    0.00  100.00
05:21:54       7    0.00    0.00    0.00    0.00    0.00    0.00    0.00    0.00    0.00  100.00
05:21:54       8    0.99    0.00    0.00    0.00    0.00    0.00    0.00    0.00    0.00   99.01
05:21:54       9    0.00    0.00    0.00    0.00    0.00    0.00    0.00    0.00    0.00  100.00
05:21:54      10    0.00    0.00    0.00    0.00    0.00    0.00    0.00    0.00    0.00  100.00
05:21:54      11    1.00    0.00    1.00    0.00    0.00    0.00    0.00    0.00    0.00   98.00

05:21:54     CPU    %usr   %nice    %sys %iowait    %irq   %soft  %steal  %guest  %gnice   %idle
05:21:55     all    0.08    0.00    0.17    0.00    0.00    0.08    0.00    0.00    0.00   99.67
05:21:55       0    0.00    0.00    1.00    0.00    0.00    0.00    0.00    0.00    0.00   99.00
05:21:55       1    0.00    0.00    0.00    0.00    0.00    1.00    0.00    0.00    0.00   99.00
05:21:55       2    0.00    0.00    0.00    0.00    0.00    0.00    0.00    0.00    0.00  100.00
05:21:55       3    0.00    0.00    0.00    0.00    0.00    0.00    0.00    0.00    0.00  100.00
05:21:55       4    0.00    0.00    0.00    0.00    0.00    0.00    0.00    0.00    0.00  100.00
05:21:55       5    0.00    0.00    0.00    0.00    0.00    0.00    0.00    0.00    0.00  100.00
05:21:55       6    0.00    0.00    0.00    0.00    0.00    0.00    0.00    0.00    0.00  100.00
05:21:55       7    0.00    0.00    0.00    0.00    0.00    0.00    0.00    0.00    0.00  100.00
05:21:55       8    0.00    0.00    1.00    0.00    0.00    0.00    0.00    0.00    0.00   99.00
05:21:55       9    0.00    0.00    0.00    0.00    0.00    0.00    0.00    0.00    0.00  100.00
05:21:55      10    0.00    0.00    0.00    0.00    0.00    0.00    0.00    0.00    0.00  100.00
05:21:55      11    0.99    0.00    0.00    0.00    0.00    0.00    0.00    0.00    0.00   99.01

Average:     CPU    %usr   %nice    %sys %iowait    %irq   %soft  %steal  %guest  %gnice   %idle
Average:     all    0.17    0.00    0.17    0.00    0.00    0.02    0.00    0.00    0.00   99.65
Average:       0    0.20    0.00    0.20    0.00    0.00    0.00    0.00    0.00    0.00   99.60
Average:       1    0.20    0.00    0.60    0.00    0.00    0.20    0.00    0.00    0.00   99.00
Average:       2    0.20    0.00    0.60    0.00    0.00    0.00    0.00    0.00    0.00   99.20
Average:       3    0.00    0.00    0.00    0.00    0.00    0.00    0.00    0.00    0.00  100.00
Average:       4    0.00    0.00    0.00    0.00    0.00    0.00    0.00    0.00    0.00  100.00
Average:       5    0.20    0.00    0.00    0.00    0.00    0.00    0.00    0.00    0.00   99.80
Average:       6    0.00    0.00    0.00    0.00    0.00    0.00    0.00    0.00    0.00  100.00
Average:       7    0.00    0.00    0.00    0.00    0.00    0.00    0.00    0.00    0.00  100.00
Average:       8    0.20    0.00    0.20    0.00    0.00    0.00    0.00    0.00    0.00   99.60
Average:       9    0.00    0.00    0.00    0.00    0.00    0.00    0.00    0.00    0.00  100.00
Average:      10    0.00    0.00    0.00    0.00    0.00    0.00    0.00    0.00    0.00  100.00
Average:      11    1.00    0.00    0.40    0.00    0.00    0.00    0.00    0.00    0.00   98.60
