Linux 5.14.0-611.34.1.el9_7.x86_64 (benchmark-server) 	08/29/26 	_x86_64_	(12 CPU)

05:08:35     CPU    %usr   %nice    %sys %iowait    %irq   %soft  %steal  %guest  %gnice   %idle
05:08:36     all    0.08    0.00    0.08    0.00    0.08    0.08    0.00    0.00    0.00   99.67
05:08:36       0    0.00    0.00    1.00    0.00    0.00    0.00    0.00    0.00    0.00   99.00
05:08:36       1    0.00    0.00    0.00    0.00    0.00    0.00    0.00    0.00    0.00  100.00
05:08:36       2    0.00    0.00    0.00    0.00    0.00    1.00    0.00    0.00    0.00   99.00
05:08:36       3    0.00    0.00    0.00    0.00    0.00    0.00    0.00    0.00    0.00  100.00
05:08:36       4    0.00    0.00    0.00    0.00    0.00    0.00    0.00    0.00    0.00  100.00
05:08:36       5    0.00    0.00    0.00    0.00    0.00    0.00    0.00    0.00    0.00  100.00
05:08:36       6    0.00    0.00    0.00    0.00    0.00    0.00    0.00    0.00    0.00  100.00
05:08:36       7    0.00    0.00    0.00    0.00    0.00    0.00    0.00    0.00    0.00  100.00
05:08:36       8    0.00    0.00    0.00    0.00    0.00    0.00    0.00    0.00    0.00  100.00
05:08:36       9    0.00    0.00    0.00    0.00    0.00    0.00    0.00    0.00    0.00  100.00
05:08:36      10    0.00    0.00    0.00    0.00    0.00    0.00    0.00    0.00    0.00  100.00
05:08:36      11    0.99    0.00    0.00    0.00    0.99    0.00    0.00    0.00    0.00   98.02

05:08:36     CPU    %usr   %nice    %sys %iowait    %irq   %soft  %steal  %guest  %gnice   %idle
05:08:37     all    0.25    0.00    0.33    0.00    0.00    0.00    0.00    0.00    0.00   99.42
05:08:37       0    0.00    0.00    1.00    0.00    0.00    0.00    0.00    0.00    0.00   99.00
05:08:37       1    0.00    0.00    0.00    0.00    0.00    0.00    0.00    0.00    0.00  100.00
05:08:37       2    0.00    0.00    0.00    0.00    0.00    0.00    0.00    0.00    0.00  100.00
05:08:37       3    0.00    0.00    0.00    0.00    0.00    0.00    0.00    0.00    0.00  100.00
05:08:37       4    0.99    0.00    0.99    0.00    0.00    0.00    0.00    0.00    0.00   98.02
05:08:37       5    0.00    0.00    0.00    0.00    0.00    0.00    0.00    0.00    0.00  100.00
05:08:37       6    0.99    0.00    0.99    0.00    0.00    0.00    0.00    0.00    0.00   98.02
05:08:37       7    0.00    0.00    0.00    0.00    0.00    0.00    0.00    0.00    0.00  100.00
05:08:37       8    0.99    0.00    0.00    0.00    0.00    0.00    0.00    0.00    0.00   99.01
05:08:37       9    0.00    0.00    0.00    0.00    0.00    0.00    0.00    0.00    0.00  100.00
05:08:37      10    0.00    0.00    0.00    0.00    0.00    0.00    0.00    0.00    0.00  100.00
05:08:37      11    0.00    0.00    0.99    0.00    0.00    0.00    0.00    0.00    0.00   99.01

05:08:37     CPU    %usr   %nice    %sys %iowait    %irq   %soft  %steal  %guest  %gnice   %idle
05:08:38     all    0.42    0.00    0.17    0.00    0.08    0.00    0.00    0.00    0.00   99.33
05:08:38       0    1.00    0.00    1.00    0.00    0.00    0.00    0.00    0.00    0.00   98.00
05:08:38       1    0.00    0.00    0.00    0.00    0.00    0.00    0.00    0.00    0.00  100.00
05:08:38       2    0.00    0.00    0.00    0.00    0.00    0.00    0.00    0.00    0.00  100.00
05:08:38       3    0.00    0.00    0.00    0.00    0.00    0.00    0.00    0.00    0.00  100.00
05:08:38       4    0.00    0.00    0.00    0.00    0.00    0.00    0.00    0.00    0.00  100.00
05:08:38       5    0.00    0.00    0.00    0.00    0.00    0.00    0.00    0.00    0.00  100.00
05:08:38       6    0.00    0.00    0.00    0.00    0.00    0.00    0.00    0.00    0.00  100.00
05:08:38       7    4.00    0.00    1.00    0.00    0.00    0.00    0.00    0.00    0.00   95.00
05:08:38       8    0.00    0.00    0.00    0.00    0.00    0.00    0.00    0.00    0.00  100.00
05:08:38       9    0.00    0.00    0.00    0.00    0.00    0.00    0.00    0.00    0.00  100.00
05:08:38      10    0.00    0.00    0.00    0.00    1.00    0.00    0.00    0.00    0.00   99.00
05:08:38      11    0.00    0.00    0.00    0.00    0.00    0.00    0.00    0.00    0.00  100.00

05:08:38     CPU    %usr   %nice    %sys %iowait    %irq   %soft  %steal  %guest  %gnice   %idle
05:08:39     all    0.17    0.00    0.08    0.00    0.00    0.00    0.00    0.00    0.00   99.75
05:08:39       0    0.00    0.00    0.99    0.00    0.00    0.00    0.00    0.00    0.00   99.01
05:08:39       1    0.00    0.00    0.00    0.00    0.00    0.00    0.00    0.00    0.00  100.00
05:08:39       2    0.00    0.00    0.00    0.00    0.00    0.00    0.00    0.00    0.00  100.00
05:08:39       3    0.00    0.00    0.00    0.00    0.00    0.00    0.00    0.00    0.00  100.00
05:08:39       4    0.99    0.00    0.00    0.00    0.00    0.00    0.00    0.00    0.00   99.01
05:08:39       5    0.99    0.00    0.00    0.00    0.00    0.00    0.00    0.00    0.00   99.01
05:08:39       6    0.00    0.00    0.00    0.00    0.00    0.00    0.00    0.00    0.00  100.00
05:08:39       7    0.00    0.00    0.00    0.00    0.00    0.00    0.00    0.00    0.00  100.00
05:08:39       8    0.00    0.00    0.00    0.00    0.00    0.00    0.00    0.00    0.00  100.00
05:08:39       9    0.00    0.00    0.00    0.00    0.00    0.00    0.00    0.00    0.00  100.00
05:08:39      10    0.00    0.00    0.00    0.00    0.00    0.00    0.00    0.00    0.00  100.00
05:08:39      11    0.00    0.00    0.00    0.00    0.00    0.00    0.00    0.00    0.00  100.00

05:08:39     CPU    %usr   %nice    %sys %iowait    %irq   %soft  %steal  %guest  %gnice   %idle
05:08:40     all    0.17    0.00    0.08    0.00    0.00    0.00    0.00    0.00    0.00   99.75
05:08:40       0    0.00    0.00    0.00    0.00    0.00    0.00    0.00    0.00    0.00  100.00
05:08:40       1    0.00    0.00    0.00    0.00    0.00    0.00    0.00    0.00    0.00  100.00
05:08:40       2    0.00    0.00    0.00    0.00    0.00    0.00    0.00    0.00    0.00  100.00
05:08:40       3    0.99    0.00    0.00    0.00    0.00    0.00    0.00    0.00    0.00   99.01
05:08:40       4    0.00    0.00    0.00    0.00    0.00    0.00    0.00    0.00    0.00  100.00
05:08:40       5    0.00    0.00    0.00    0.00    0.00    0.00    0.00    0.00    0.00  100.00
05:08:40       6    0.00    0.00    1.00    0.00    0.00    0.00    0.00    0.00    0.00   99.00
05:08:40       7    0.00    0.00    0.00    0.00    0.00    0.00    0.00    0.00    0.00  100.00
05:08:40       8    0.00    0.00    0.00    0.00    0.00    0.00    0.00    0.00    0.00  100.00
05:08:40       9    0.00    0.00    0.00    0.00    0.00    0.00    0.00    0.00    0.00  100.00
05:08:40      10    0.00    0.00    0.00    0.00    0.00    0.00    0.00    0.00    0.00  100.00
05:08:40      11    1.00    0.00    0.00    0.00    0.00    0.00    0.00    0.00    0.00   99.00

Average:     CPU    %usr   %nice    %sys %iowait    %irq   %soft  %steal  %guest  %gnice   %idle
Average:     all    0.22    0.00    0.15    0.00    0.03    0.02    0.00    0.00    0.00   99.58
Average:       0    0.20    0.00    0.80    0.00    0.00    0.00    0.00    0.00    0.00   99.00
Average:       1    0.00    0.00    0.00    0.00    0.00    0.00    0.00    0.00    0.00  100.00
Average:       2    0.00    0.00    0.00    0.00    0.00    0.20    0.00    0.00    0.00   99.80
Average:       3    0.20    0.00    0.00    0.00    0.00    0.00    0.00    0.00    0.00   99.80
Average:       4    0.40    0.00    0.20    0.00    0.00    0.00    0.00    0.00    0.00   99.40
Average:       5    0.20    0.00    0.00    0.00    0.00    0.00    0.00    0.00    0.00   99.80
Average:       6    0.20    0.00    0.40    0.00    0.00    0.00    0.00    0.00    0.00   99.40
Average:       7    0.80    0.00    0.20    0.00    0.00    0.00    0.00    0.00    0.00   99.00
Average:       8    0.20    0.00    0.00    0.00    0.00    0.00    0.00    0.00    0.00   99.80
Average:       9    0.00    0.00    0.00    0.00    0.00    0.00    0.00    0.00    0.00  100.00
Average:      10    0.00    0.00    0.00    0.00    0.20    0.00    0.00    0.00    0.00   99.80
Average:      11    0.40    0.00    0.20    0.00    0.20    0.00    0.00    0.00    0.00   99.20
