Linux 5.14.0-611.34.1.el9_7.x86_64 (benchmark-server) 	08/29/26 	_x86_64_	(12 CPU)

04:53:01     CPU    %usr   %nice    %sys %iowait    %irq   %soft  %steal  %guest  %gnice   %idle
04:53:02     all    2.41    0.00    1.25    0.00    0.08    0.08    0.00    0.00    0.00   96.18
04:53:02       0    1.94    0.00    2.91    0.00    0.97    0.97    0.00    0.00    0.00   93.20
04:53:02       1    9.18    0.00    2.04    0.00    0.00    0.00    0.00    0.00    0.00   88.78
04:53:02       2    9.00    0.00    3.00    0.00    0.00    0.00    0.00    0.00    0.00   88.00
04:53:02       3    0.99    0.00    0.00    0.00    0.00    0.00    0.00    0.00    0.00   99.01
04:53:02       4    0.00    0.00    1.00    0.00    0.00    0.00    0.00    0.00    0.00   99.00
04:53:02       5    0.00    0.00    1.00    0.00    0.00    0.00    0.00    0.00    0.00   99.00
04:53:02       6    0.00    0.00    0.00    0.00    0.00    0.00    0.00    0.00    0.00  100.00
04:53:02       7    1.00    0.00    0.00    0.00    0.00    0.00    0.00    0.00    0.00   99.00
04:53:02       8    1.00    0.00    1.00    0.00    0.00    0.00    0.00    0.00    0.00   98.00
04:53:02       9    6.00    0.00    2.00    0.00    0.00    0.00    0.00    0.00    0.00   92.00
04:53:02      10    0.00    0.00    0.00    0.00    0.00    0.00    0.00    0.00    0.00  100.00
04:53:02      11    0.00    0.00    1.98    0.00    0.00    0.00    0.00    0.00    0.00   98.02

04:53:02     CPU    %usr   %nice    %sys %iowait    %irq   %soft  %steal  %guest  %gnice   %idle
04:53:03     all    1.08    0.00    0.17    0.00    0.00    0.00    0.00    0.00    0.00   98.75
04:53:03       0    8.08    0.00    0.00    0.00    0.00    0.00    0.00    0.00    0.00   91.92
04:53:03       1    0.00    0.00    0.00    0.00    0.00    0.00    0.00    0.00    0.00  100.00
04:53:03       2    0.00    0.00    0.00    0.00    0.00    0.00    0.00    0.00    0.00  100.00
04:53:03       3    0.00    0.00    0.00    0.00    0.00    0.00    0.00    0.00    0.00  100.00
04:53:03       4    0.00    0.00    0.00    0.00    0.00    0.00    0.00    0.00    0.00  100.00
04:53:03       5    0.00    0.00    0.00    0.00    0.00    0.00    0.00    0.00    0.00  100.00
04:53:03       6    0.00    0.00    0.00    0.00    0.00    0.00    0.00    0.00    0.00  100.00
04:53:03       7    0.00    0.00    0.00    0.00    0.00    0.00    0.00    0.00    0.00  100.00
04:53:03       8    0.00    0.00    1.00    0.00    0.00    0.00    0.00    0.00    0.00   99.00
04:53:03       9    0.00    0.00    0.00    0.00    0.00    0.00    0.00    0.00    0.00  100.00
04:53:03      10    3.96    0.00    0.99    0.00    0.00    0.00    0.00    0.00    0.00   95.05
04:53:03      11    1.00    0.00    0.00    0.00    0.00    0.00    0.00    0.00    0.00   99.00

04:53:03     CPU    %usr   %nice    %sys %iowait    %irq   %soft  %steal  %guest  %gnice   %idle
04:53:04     all    0.17    0.00    0.33    0.00    0.00    0.00    0.00    0.00    0.00   99.50
04:53:04       0    0.00    0.00    1.00    0.00    0.00    0.00    0.00    0.00    0.00   99.00
04:53:04       1    0.00    0.00    0.99    0.00    0.00    0.00    0.00    0.00    0.00   99.01
04:53:04       2    1.00    0.00    0.00    0.00    0.00    0.00    0.00    0.00    0.00   99.00
04:53:04       3    0.00    0.00    0.00    0.00    0.00    0.00    0.00    0.00    0.00  100.00
04:53:04       4    0.00    0.00    0.00    0.00    0.00    0.00    0.00    0.00    0.00  100.00
04:53:04       5    0.00    0.00    0.00    0.00    0.00    0.00    0.00    0.00    0.00  100.00
04:53:04       6    0.98    0.00    0.98    0.00    0.00    0.00    0.00    0.00    0.00   98.04
04:53:04       7    0.00    0.00    0.00    0.00    0.00    0.00    0.00    0.00    0.00  100.00
04:53:04       8    0.00    0.00    0.00    0.00    0.00    0.00    0.00    0.00    0.00  100.00
04:53:04       9    0.00    0.00    0.00    0.00    0.00    0.00    0.00    0.00    0.00  100.00
04:53:04      10    0.00    0.00    0.00    0.00    0.00    0.00    0.00    0.00    0.00  100.00
04:53:04      11    0.00    0.00    1.01    0.00    0.00    0.00    0.00    0.00    0.00   98.99

04:53:04     CPU    %usr   %nice    %sys %iowait    %irq   %soft  %steal  %guest  %gnice   %idle
04:53:05     all    0.17    0.00    0.17    0.00    0.00    0.08    0.00    0.00    0.00   99.58
04:53:05       0    1.00    0.00    0.00    0.00    0.00    0.00    0.00    0.00    0.00   99.00
04:53:05       1    1.01    0.00    0.00    0.00    0.00    0.00    0.00    0.00    0.00   98.99
04:53:05       2    0.00    0.00    0.00    0.00    0.00    0.00    0.00    0.00    0.00  100.00
04:53:05       3    0.00    0.00    0.00    0.00    0.00    0.00    0.00    0.00    0.00  100.00
04:53:05       4    0.00    0.00    0.00    0.00    0.00    0.00    0.00    0.00    0.00  100.00
04:53:05       5    0.00    0.00    0.00    0.00    0.00    0.00    0.00    0.00    0.00  100.00
04:53:05       6    0.00    0.00    0.00    0.00    0.00    0.00    0.00    0.00    0.00  100.00
04:53:05       7    0.00    0.00    0.99    0.00    0.00    0.00    0.00    0.00    0.00   99.01
04:53:05       8    0.00    0.00    0.00    0.00    0.00    0.00    0.00    0.00    0.00  100.00
04:53:05       9    0.00    0.00    0.00    0.00    0.00    0.00    0.00    0.00    0.00  100.00
04:53:05      10    0.00    0.00    1.00    0.00    0.00    0.00    0.00    0.00    0.00   99.00
04:53:05      11    0.00    0.00    0.00    0.00    0.00    0.99    0.00    0.00    0.00   99.01

04:53:05     CPU    %usr   %nice    %sys %iowait    %irq   %soft  %steal  %guest  %gnice   %idle
04:53:06     all    0.25    0.00    0.17    0.00    0.00    0.08    0.00    0.00    0.00   99.50
04:53:06       0    0.00    0.00    1.00    0.00    0.00    0.00    0.00    0.00    0.00   99.00
04:53:06       1    0.00    0.00    0.99    0.00    0.00    0.99    0.00    0.00    0.00   98.02
04:53:06       2    0.00    0.00    0.00    0.00    0.00    0.00    0.00    0.00    0.00  100.00
04:53:06       3    0.00    0.00    0.00    0.00    0.00    0.00    0.00    0.00    0.00  100.00
04:53:06       4    0.00    0.00    0.00    0.00    0.00    0.00    0.00    0.00    0.00  100.00
04:53:06       5    0.00    0.00    0.00    0.00    0.00    0.00    0.00    0.00    0.00  100.00
04:53:06       6    0.00    0.00    0.00    0.00    0.00    0.00    0.00    0.00    0.00  100.00
04:53:06       7    0.00    0.00    0.00    0.00    0.00    0.00    0.00    0.00    0.00  100.00
04:53:06       8    0.00    0.00    0.00    0.00    0.00    0.00    0.00    0.00    0.00  100.00
04:53:06       9    0.00    0.00    0.00    0.00    0.00    0.00    0.00    0.00    0.00  100.00
04:53:06      10    2.00    0.00    0.00    0.00    0.00    0.00    0.00    0.00    0.00   98.00
04:53:06      11    1.00    0.00    0.00    0.00    0.00    0.00    0.00    0.00    0.00   99.00

Average:     CPU    %usr   %nice    %sys %iowait    %irq   %soft  %steal  %guest  %gnice   %idle
Average:     all    0.82    0.00    0.42    0.00    0.02    0.05    0.00    0.00    0.00   98.70
Average:       0    2.19    0.00    1.00    0.00    0.20    0.20    0.00    0.00    0.00   96.41
Average:       1    2.00    0.00    0.80    0.00    0.00    0.20    0.00    0.00    0.00   96.99
Average:       2    2.00    0.00    0.60    0.00    0.00    0.00    0.00    0.00    0.00   97.40
Average:       3    0.20    0.00    0.00    0.00    0.00    0.00    0.00    0.00    0.00   99.80
Average:       4    0.00    0.00    0.20    0.00    0.00    0.00    0.00    0.00    0.00   99.80
Average:       5    0.00    0.00    0.20    0.00    0.00    0.00    0.00    0.00    0.00   99.80
Average:       6    0.20    0.00    0.20    0.00    0.00    0.00    0.00    0.00    0.00   99.60
Average:       7    0.20    0.00    0.20    0.00    0.00    0.00    0.00    0.00    0.00   99.60
Average:       8    0.20    0.00    0.40    0.00    0.00    0.00    0.00    0.00    0.00   99.40
Average:       9    1.20    0.00    0.40    0.00    0.00    0.00    0.00    0.00    0.00   98.40
Average:      10    1.20    0.00    0.40    0.00    0.00    0.00    0.00    0.00    0.00   98.40
Average:      11    0.40    0.00    0.60    0.00    0.00    0.20    0.00    0.00    0.00   98.80
