Linux 5.14.0-611.34.1.el9_7.x86_64 (benchmark-server) 	08/29/26 	_x86_64_	(12 CPU)

04:46:47     CPU    %usr   %nice    %sys %iowait    %irq   %soft  %steal  %guest  %gnice   %idle
04:46:48     all    0.17    0.00    0.17    0.00    0.00    0.00    0.00    0.00    0.00   99.67
04:46:48       0    0.00    0.00    0.00    0.00    0.00    0.00    0.00    0.00    0.00  100.00
04:46:48       1    0.00    0.00    0.00    0.00    0.00    0.00    0.00    0.00    0.00  100.00
04:46:48       2    0.00    0.00    0.00    0.00    0.00    0.00    0.00    0.00    0.00  100.00
04:46:48       3    0.00    0.00    0.00    0.00    0.00    0.00    0.00    0.00    0.00  100.00
04:46:48       4    0.00    0.00    0.00    0.00    0.00    0.00    0.00    0.00    0.00  100.00
04:46:48       5    0.00    0.00    0.00    0.00    0.00    0.00    0.00    0.00    0.00  100.00
04:46:48       6    0.00    0.00    0.00    0.00    0.00    0.00    0.00    0.00    0.00  100.00
04:46:48       7    0.00    0.00    0.00    0.00    0.00    0.00    0.00    0.00    0.00  100.00
04:46:48       8    0.00    0.00    0.00    0.00    0.00    0.00    0.00    0.00    0.00  100.00
04:46:48       9    0.00    0.00    0.00    0.00    0.00    0.00    0.00    0.00    0.00  100.00
04:46:48      10    0.99    0.00    0.99    0.00    0.00    0.00    0.00    0.00    0.00   98.02
04:46:48      11    1.00    0.00    1.00    0.00    0.00    0.00    0.00    0.00    0.00   98.00

04:46:48     CPU    %usr   %nice    %sys %iowait    %irq   %soft  %steal  %guest  %gnice   %idle
04:46:49     all    0.00    0.00    0.33    0.00    0.00    0.00    0.00    0.00    0.00   99.67
04:46:49       0    0.00    0.00    1.00    0.00    0.00    0.00    0.00    0.00    0.00   99.00
04:46:49       1    0.00    0.00    0.00    0.00    0.00    0.00    0.00    0.00    0.00  100.00
04:46:49       2    0.00    0.00    0.00    0.00    0.00    0.00    0.00    0.00    0.00  100.00
04:46:49       3    0.00    0.00    1.00    0.00    0.00    0.00    0.00    0.00    0.00   99.00
04:46:49       4    0.00    0.00    0.00    0.00    0.00    0.00    0.00    0.00    0.00  100.00
04:46:49       5    0.00    0.00    0.00    0.00    0.00    0.00    0.00    0.00    0.00  100.00
04:46:49       6    0.00    0.00    0.00    0.00    0.00    0.00    0.00    0.00    0.00  100.00
04:46:49       7    0.00    0.00    0.99    0.00    0.00    0.00    0.00    0.00    0.00   99.01
04:46:49       8    0.00    0.00    0.00    0.00    0.00    0.00    0.00    0.00    0.00  100.00
04:46:49       9    0.00    0.00    0.00    0.00    0.00    0.00    0.00    0.00    0.00  100.00
04:46:49      10    0.00    0.00    1.00    0.00    0.00    0.00    0.00    0.00    0.00   99.00
04:46:49      11    0.00    0.00    0.00    0.00    0.00    0.00    0.00    0.00    0.00  100.00

04:46:49     CPU    %usr   %nice    %sys %iowait    %irq   %soft  %steal  %guest  %gnice   %idle
04:46:50     all    0.00    0.00    0.17    0.00    0.00    0.00    0.00    0.00    0.00   99.83
04:46:50       0    0.00    0.00    0.00    0.00    0.00    0.00    0.00    0.00    0.00  100.00
04:46:50       1    0.00    0.00    0.00    0.00    0.00    0.00    0.00    0.00    0.00  100.00
04:46:50       2    0.00    0.00    0.00    0.00    0.00    0.00    0.00    0.00    0.00  100.00
04:46:50       3    0.00    0.00    0.00    0.00    0.00    0.00    0.00    0.00    0.00  100.00
04:46:50       4    0.00    0.00    1.01    0.00    0.00    0.00    0.00    0.00    0.00   98.99
04:46:50       5    0.00    0.00    0.00    0.00    0.00    0.00    0.00    0.00    0.00  100.00
04:46:50       6    0.00    0.00    0.00    0.00    0.00    0.00    0.00    0.00    0.00  100.00
04:46:50       7    0.00    0.00    0.00    0.00    0.00    0.00    0.00    0.00    0.00  100.00
04:46:50       8    0.00    0.00    0.99    0.00    0.00    0.00    0.00    0.00    0.00   99.01
04:46:50       9    0.00    0.00    0.00    0.00    0.00    0.00    0.00    0.00    0.00  100.00
04:46:50      10    0.00    0.00    0.00    0.00    0.00    0.00    0.00    0.00    0.00  100.00
04:46:50      11    0.00    0.00    0.00    0.00    0.00    0.00    0.00    0.00    0.00  100.00

04:46:50     CPU    %usr   %nice    %sys %iowait    %irq   %soft  %steal  %guest  %gnice   %idle
04:46:51     all    0.75    0.00    0.33    0.00    0.17    0.00    0.00    0.00    0.00   98.75
04:46:51       0    0.99    0.00    0.00    0.00    0.00    0.00    0.00    0.00    0.00   99.01
04:46:51       1    0.00    0.00    0.00    0.00    0.00    0.00    0.00    0.00    0.00  100.00
04:46:51       2    0.00    0.00    0.00    0.00    0.00    0.00    0.00    0.00    0.00  100.00
04:46:51       3    0.98    0.00    0.98    0.00    0.00    0.00    0.00    0.00    0.00   98.04
04:46:51       4    0.00    0.00    0.00    0.00    0.00    0.00    0.00    0.00    0.00  100.00
04:46:51       5    2.00    0.00    0.00    0.00    1.00    0.00    0.00    0.00    0.00   97.00
04:46:51       6    0.00    0.00    1.00    0.00    0.00    0.00    0.00    0.00    0.00   99.00
04:46:51       7    3.03    0.00    1.01    0.00    0.00    0.00    0.00    0.00    0.00   95.96
04:46:51       8    1.00    0.00    1.00    0.00    0.00    0.00    0.00    0.00    0.00   98.00
04:46:51       9    0.98    0.00    0.00    0.00    0.98    0.00    0.00    0.00    0.00   98.04
04:46:51      10    0.00    0.00    0.00    0.00    0.00    0.00    0.00    0.00    0.00  100.00
04:46:51      11    0.00    0.00    0.00    0.00    0.00    0.00    0.00    0.00    0.00  100.00

04:46:51     CPU    %usr   %nice    %sys %iowait    %irq   %soft  %steal  %guest  %gnice   %idle
04:46:52     all    0.08    0.00    0.17    0.00    0.00    0.08    0.00    0.00    0.00   99.67
04:46:52       0    0.00    0.00    0.00    0.00    0.00    0.00    0.00    0.00    0.00  100.00
04:46:52       1    0.00    0.00    0.00    0.00    0.00    0.00    0.00    0.00    0.00  100.00
04:46:52       2    0.00    0.00    0.00    0.00    0.00    0.00    0.00    0.00    0.00  100.00
04:46:52       3    0.00    0.00    0.00    0.00    0.00    0.00    0.00    0.00    0.00  100.00
04:46:52       4    0.00    0.00    0.00    0.00    0.00    0.00    0.00    0.00    0.00  100.00
04:46:52       5    0.00    0.00    0.00    0.00    0.00    0.00    0.00    0.00    0.00  100.00
04:46:52       6    0.00    0.00    0.00    0.00    0.00    0.00    0.00    0.00    0.00  100.00
04:46:52       7    0.00    0.00    0.00    0.00    0.00    0.00    0.00    0.00    0.00  100.00
04:46:52       8    0.00    0.00    0.00    0.00    0.00    0.00    0.00    0.00    0.00  100.00
04:46:52       9    0.00    0.00    0.00    0.00    0.00    0.00    0.00    0.00    0.00  100.00
04:46:52      10    0.99    0.00    1.98    0.00    0.00    0.99    0.00    0.00    0.00   96.04
04:46:52      11    0.00    0.00    0.00    0.00    0.00    0.00    0.00    0.00    0.00  100.00

Average:     CPU    %usr   %nice    %sys %iowait    %irq   %soft  %steal  %guest  %gnice   %idle
Average:     all    0.20    0.00    0.23    0.00    0.03    0.02    0.00    0.00    0.00   99.52
Average:       0    0.20    0.00    0.20    0.00    0.00    0.00    0.00    0.00    0.00   99.60
Average:       1    0.00    0.00    0.00    0.00    0.00    0.00    0.00    0.00    0.00  100.00
Average:       2    0.00    0.00    0.00    0.00    0.00    0.00    0.00    0.00    0.00  100.00
Average:       3    0.20    0.00    0.40    0.00    0.00    0.00    0.00    0.00    0.00   99.40
Average:       4    0.00    0.00    0.20    0.00    0.00    0.00    0.00    0.00    0.00   99.80
Average:       5    0.40    0.00    0.00    0.00    0.20    0.00    0.00    0.00    0.00   99.40
Average:       6    0.00    0.00    0.20    0.00    0.00    0.00    0.00    0.00    0.00   99.80
Average:       7    0.60    0.00    0.40    0.00    0.00    0.00    0.00    0.00    0.00   99.00
Average:       8    0.20    0.00    0.40    0.00    0.00    0.00    0.00    0.00    0.00   99.40
Average:       9    0.20    0.00    0.00    0.00    0.20    0.00    0.00    0.00    0.00   99.60
Average:      10    0.40    0.00    0.80    0.00    0.00    0.20    0.00    0.00    0.00   98.60
Average:      11    0.20    0.00    0.20    0.00    0.00    0.00    0.00    0.00    0.00   99.60
