Linux 5.14.0-611.34.1.el9_7.x86_64 (benchmark-server) 	08/29/26 	_x86_64_	(12 CPU)

05:02:49     CPU    %usr   %nice    %sys %iowait    %irq   %soft  %steal  %guest  %gnice   %idle
05:02:50     all    0.17    0.00    0.08    0.00    0.00    0.00    0.00    0.00    0.00   99.75
05:02:50       0    0.00    0.00    0.00    0.00    0.00    0.00    0.00    0.00    0.00  100.00
05:02:50       1    0.00    0.00    0.00    0.00    0.00    0.00    0.00    0.00    0.00  100.00
05:02:50       2    0.00    0.00    0.00    0.00    0.00    0.00    0.00    0.00    0.00  100.00
05:02:50       3    0.00    0.00    0.00    0.00    0.00    0.00    0.00    0.00    0.00  100.00
05:02:50       4    0.00    0.00    0.00    0.00    0.00    0.00    0.00    0.00    0.00  100.00
05:02:50       5    0.00    0.00    0.00    0.00    0.00    0.00    0.00    0.00    0.00  100.00
05:02:50       6    0.00    0.00    0.00    0.00    0.00    0.00    0.00    0.00    0.00  100.00
05:02:50       7    0.00    0.00    0.00    0.00    0.00    0.00    0.00    0.00    0.00  100.00
05:02:50       8    0.00    0.00    0.00    0.00    0.00    0.00    0.00    0.00    0.00  100.00
05:02:50       9    1.00    0.00    0.00    0.00    0.00    0.00    0.00    0.00    0.00   99.00
05:02:50      10    0.98    0.00    0.98    0.00    0.00    0.00    0.00    0.00    0.00   98.04
05:02:50      11    0.00    0.00    0.00    0.00    0.00    0.00    0.00    0.00    0.00  100.00

05:02:50     CPU    %usr   %nice    %sys %iowait    %irq   %soft  %steal  %guest  %gnice   %idle
05:02:51     all    0.83    0.00    0.33    0.00    0.00    0.00    0.00    0.00    0.00   98.83
05:02:51       0    0.00    0.00    0.99    0.00    0.00    0.00    0.00    0.00    0.00   99.01
05:02:51       1    0.00    0.00    0.00    0.00    0.00    0.00    0.00    0.00    0.00  100.00
05:02:51       2    0.00    0.00    0.00    0.00    0.00    0.00    0.00    0.00    0.00  100.00
05:02:51       3    0.00    0.00    0.00    0.00    0.00    0.00    0.00    0.00    0.00  100.00
05:02:51       4    0.00    0.00    0.00    0.00    0.00    0.00    0.00    0.00    0.00  100.00
05:02:51       5    7.92    0.00    0.99    0.00    0.00    0.00    0.00    0.00    0.00   91.09
05:02:51       6    0.00    0.00    0.00    0.00    0.00    0.00    0.00    0.00    0.00  100.00
05:02:51       7    0.00    0.00    0.00    0.00    0.00    0.00    0.00    0.00    0.00  100.00
05:02:51       8    0.99    0.00    0.99    0.00    0.00    0.00    0.00    0.00    0.00   98.02
05:02:51       9    1.00    0.00    1.00    0.00    0.00    0.00    0.00    0.00    0.00   98.00
05:02:51      10    0.00    0.00    0.00    0.00    0.00    0.00    0.00    0.00    0.00  100.00
05:02:51      11    0.00    0.00    0.00    0.00    0.00    0.00    0.00    0.00    0.00  100.00

05:02:51     CPU    %usr   %nice    %sys %iowait    %irq   %soft  %steal  %guest  %gnice   %idle
05:02:52     all    0.25    0.00    0.08    0.00    0.08    0.00    0.00    0.00    0.00   99.58
05:02:52       0    0.00    0.00    0.00    0.00    0.00    0.00    0.00    0.00    0.00  100.00
05:02:52       1    0.00    0.00    0.00    0.00    0.00    0.00    0.00    0.00    0.00  100.00
05:02:52       2    0.00    0.00    0.00    0.00    0.00    0.00    0.00    0.00    0.00  100.00
05:02:52       3    0.00    0.00    0.00    0.00    0.00    0.00    0.00    0.00    0.00  100.00
05:02:52       4    0.00    0.00    0.00    0.00    0.00    0.00    0.00    0.00    0.00  100.00
05:02:52       5    0.00    0.00    0.00    0.00    0.00    0.00    0.00    0.00    0.00  100.00
05:02:52       6    1.00    0.00    0.00    0.00    0.00    0.00    0.00    0.00    0.00   99.00
05:02:52       7    0.00    0.00    0.00    0.00    0.00    0.00    0.00    0.00    0.00  100.00
05:02:52       8    0.00    0.00    0.00    0.00    1.00    0.00    0.00    0.00    0.00   99.00
05:02:52       9    1.01    0.00    1.01    0.00    0.00    0.00    0.00    0.00    0.00   97.98
05:02:52      10    0.00    0.00    0.00    0.00    0.00    0.00    0.00    0.00    0.00  100.00
05:02:52      11    0.99    0.00    0.00    0.00    0.00    0.00    0.00    0.00    0.00   99.01

05:02:52     CPU    %usr   %nice    %sys %iowait    %irq   %soft  %steal  %guest  %gnice   %idle
05:02:53     all    0.17    0.00    0.25    0.00    0.00    0.00    0.00    0.00    0.00   99.58
05:02:53       0    0.00    0.00    0.00    0.00    0.00    0.00    0.00    0.00    0.00  100.00
05:02:53       1    0.00    0.00    0.00    0.00    0.00    0.00    0.00    0.00    0.00  100.00
05:02:53       2    0.00    0.00    0.00    0.00    0.00    0.00    0.00    0.00    0.00  100.00
05:02:53       3    0.00    0.00    0.00    0.00    0.00    0.00    0.00    0.00    0.00  100.00
05:02:53       4    0.00    0.00    0.99    0.00    0.00    0.00    0.00    0.00    0.00   99.01
05:02:53       5    0.00    0.00    0.00    0.00    0.00    0.00    0.00    0.00    0.00  100.00
05:02:53       6    0.00    0.00    0.00    0.00    0.00    0.00    0.00    0.00    0.00  100.00
05:02:53       7    0.00    0.00    0.00    0.00    0.00    0.00    0.00    0.00    0.00  100.00
05:02:53       8    0.99    0.00    0.99    0.00    0.00    0.00    0.00    0.00    0.00   98.02
05:02:53       9    0.99    0.00    0.99    0.00    0.00    0.00    0.00    0.00    0.00   98.02
05:02:53      10    0.00    0.00    0.00    0.00    0.00    0.00    0.00    0.00    0.00  100.00
05:02:53      11    0.00    0.00    0.00    0.00    0.00    0.00    0.00    0.00    0.00  100.00

05:02:53     CPU    %usr   %nice    %sys %iowait    %irq   %soft  %steal  %guest  %gnice   %idle
05:02:54     all    0.58    0.00    0.25    0.00    0.00    0.00    0.00    0.00    0.00   99.17
05:02:54       0    1.00    0.00    0.00    0.00    0.00    0.00    0.00    0.00    0.00   99.00
05:02:54       1    0.00    0.00    0.00    0.00    0.00    0.00    0.00    0.00    0.00  100.00
05:02:54       2    0.00    0.00    0.00    0.00    0.00    0.00    0.00    0.00    0.00  100.00
05:02:54       3    0.00    0.00    0.00    0.00    0.00    0.00    0.00    0.00    0.00  100.00
05:02:54       4    0.00    0.00    0.00    0.00    0.00    0.00    0.00    0.00    0.00  100.00
05:02:54       5    0.00    0.00    0.00    0.00    0.00    0.00    0.00    0.00    0.00  100.00
05:02:54       6    2.00    0.00    0.00    0.00    0.00    0.00    0.00    0.00    0.00   98.00
05:02:54       7    0.00    0.00    0.00    0.00    0.00    0.00    0.00    0.00    0.00  100.00
05:02:54       8    0.00    0.00    0.00    0.00    0.00    0.00    0.00    0.00    0.00  100.00
05:02:54       9    1.00    0.00    1.00    0.00    0.00    0.00    0.00    0.00    0.00   98.00
05:02:54      10    3.00    0.00    0.00    0.00    0.00    0.00    0.00    0.00    0.00   97.00
05:02:54      11    0.00    0.00    2.00    0.00    0.00    0.00    0.00    0.00    0.00   98.00

Average:     CPU    %usr   %nice    %sys %iowait    %irq   %soft  %steal  %guest  %gnice   %idle
Average:     all    0.40    0.00    0.20    0.00    0.02    0.00    0.00    0.00    0.00   99.38
Average:       0    0.20    0.00    0.20    0.00    0.00    0.00    0.00    0.00    0.00   99.60
Average:       1    0.00    0.00    0.00    0.00    0.00    0.00    0.00    0.00    0.00  100.00
Average:       2    0.00    0.00    0.00    0.00    0.00    0.00    0.00    0.00    0.00  100.00
Average:       3    0.00    0.00    0.00    0.00    0.00    0.00    0.00    0.00    0.00  100.00
Average:       4    0.00    0.00    0.20    0.00    0.00    0.00    0.00    0.00    0.00   99.80
Average:       5    1.60    0.00    0.20    0.00    0.00    0.00    0.00    0.00    0.00   98.20
Average:       6    0.60    0.00    0.00    0.00    0.00    0.00    0.00    0.00    0.00   99.40
Average:       7    0.00    0.00    0.00    0.00    0.00    0.00    0.00    0.00    0.00  100.00
Average:       8    0.40    0.00    0.40    0.00    0.20    0.00    0.00    0.00    0.00   99.00
Average:       9    1.00    0.00    0.80    0.00    0.00    0.00    0.00    0.00    0.00   98.20
Average:      10    0.80    0.00    0.20    0.00    0.00    0.00    0.00    0.00    0.00   99.00
Average:      11    0.20    0.00    0.40    0.00    0.00    0.00    0.00    0.00    0.00   99.40
