Linux 5.14.0-611.34.1.el9_7.x86_64 (benchmark-server) 	08/29/26 	_x86_64_	(12 CPU)

04:54:21     CPU    %usr   %nice    %sys %iowait    %irq   %soft  %steal  %guest  %gnice   %idle
04:54:22     all    0.17    0.00    0.25    0.00    0.00    0.08    0.00    0.00    0.00   99.50
04:54:22       0    1.00    0.00    0.00    0.00    0.00    0.00    0.00    0.00    0.00   99.00
04:54:22       1    0.00    0.00    0.00    0.00    0.00    0.00    0.00    0.00    0.00  100.00
04:54:22       2    0.00    0.00    0.00    0.00    0.00    0.00    0.00    0.00    0.00  100.00
04:54:22       3    0.00    0.00    0.00    0.00    0.00    0.00    0.00    0.00    0.00  100.00
04:54:22       4    0.00    0.00    1.98    0.00    0.00    0.99    0.00    0.00    0.00   97.03
04:54:22       5    0.00    0.00    0.00    0.00    0.00    0.00    0.00    0.00    0.00  100.00
04:54:22       6    0.00    0.00    0.00    0.00    0.00    0.00    0.00    0.00    0.00  100.00
04:54:22       7    0.00    0.00    0.00    0.00    0.00    0.00    0.00    0.00    0.00  100.00
04:54:22       8    1.00    0.00    1.00    0.00    0.00    0.00    0.00    0.00    0.00   98.00
04:54:22       9    0.00    0.00    0.00    0.00    0.00    0.00    0.00    0.00    0.00  100.00
04:54:22      10    0.00    0.00    0.00    0.00    0.00    0.00    0.00    0.00    0.00  100.00
04:54:22      11    0.00    0.00    0.00    0.00    0.00    0.00    0.00    0.00    0.00  100.00

04:54:22     CPU    %usr   %nice    %sys %iowait    %irq   %soft  %steal  %guest  %gnice   %idle
04:54:23     all    0.17    0.00    0.17    0.00    0.00    0.00    0.00    0.00    0.00   99.67
04:54:23       0    1.00    0.00    1.00    0.00    0.00    0.00    0.00    0.00    0.00   98.00
04:54:23       1    0.00    0.00    0.00    0.00    0.00    0.00    0.00    0.00    0.00  100.00
04:54:23       2    0.00    0.00    0.00    0.00    0.00    0.00    0.00    0.00    0.00  100.00
04:54:23       3    0.00    0.00    0.00    0.00    0.00    0.00    0.00    0.00    0.00  100.00
04:54:23       4    0.00    0.00    1.00    0.00    0.00    0.00    0.00    0.00    0.00   99.00
04:54:23       5    0.00    0.00    0.00    0.00    0.00    0.00    0.00    0.00    0.00  100.00
04:54:23       6    0.00    0.00    0.00    0.00    0.00    0.00    0.00    0.00    0.00  100.00
04:54:23       7    0.00    0.00    0.00    0.00    0.00    0.00    0.00    0.00    0.00  100.00
04:54:23       8    0.00    0.00    0.00    0.00    0.00    0.00    0.00    0.00    0.00  100.00
04:54:23       9    0.99    0.00    0.00    0.00    0.00    0.00    0.00    0.00    0.00   99.01
04:54:23      10    0.00    0.00    0.00    0.00    0.00    0.00    0.00    0.00    0.00  100.00
04:54:23      11    0.00    0.00    0.00    0.00    0.00    0.00    0.00    0.00    0.00  100.00

04:54:23     CPU    %usr   %nice    %sys %iowait    %irq   %soft  %steal  %guest  %gnice   %idle
04:54:24     all    0.17    0.00    0.17    0.00    0.00    0.00    0.00    0.00    0.00   99.67
04:54:24       0    0.00    0.00    0.00    0.00    0.00    0.00    0.00    0.00    0.00  100.00
04:54:24       1    0.99    0.00    0.00    0.00    0.00    0.00    0.00    0.00    0.00   99.01
04:54:24       2    0.00    0.00    0.00    0.00    0.00    0.00    0.00    0.00    0.00  100.00
04:54:24       3    0.00    0.00    0.00    0.00    0.00    0.00    0.00    0.00    0.00  100.00
04:54:24       4    0.00    0.00    0.00    0.00    0.00    0.00    0.00    0.00    0.00  100.00
04:54:24       5    0.00    0.00    0.00    0.00    0.00    0.00    0.00    0.00    0.00  100.00
04:54:24       6    0.00    0.00    0.00    0.00    0.00    0.00    0.00    0.00    0.00  100.00
04:54:24       7    0.00    0.00    0.00    0.00    0.00    0.00    0.00    0.00    0.00  100.00
04:54:24       8    0.98    0.00    0.98    0.00    0.00    0.00    0.00    0.00    0.00   98.04
04:54:24       9    0.00    0.00    1.00    0.00    0.00    0.00    0.00    0.00    0.00   99.00
04:54:24      10    0.00    0.00    0.00    0.00    0.00    0.00    0.00    0.00    0.00  100.00
04:54:24      11    0.00    0.00    0.00    0.00    0.00    0.00    0.00    0.00    0.00  100.00

04:54:24     CPU    %usr   %nice    %sys %iowait    %irq   %soft  %steal  %guest  %gnice   %idle
04:54:25     all    0.67    0.00    0.75    0.17    0.08    0.00    0.00    0.00    0.00   98.33
04:54:25       0    1.01    0.00    0.00    0.00    0.00    0.00    0.00    0.00    0.00   98.99
04:54:25       1    0.00    0.00    0.00    0.00    0.00    0.00    0.00    0.00    0.00  100.00
04:54:25       2    0.00    0.00    0.00    0.00    0.00    0.00    0.00    0.00    0.00  100.00
04:54:25       3    0.00    0.00    0.00    0.00    0.00    0.00    0.00    0.00    0.00  100.00
04:54:25       4    0.00    0.00    2.02    0.00    0.00    0.00    0.00    0.00    0.00   97.98
04:54:25       5    0.00    0.00    0.99    0.00    0.00    0.00    0.00    0.00    0.00   99.01
04:54:25       6    0.00    0.00    0.00    1.00    0.00    0.00    0.00    0.00    0.00   99.00
04:54:25       7    0.00    0.00    0.00    0.00    0.00    0.00    0.00    0.00    0.00  100.00
04:54:25       8    0.00    0.00    0.00    0.00    0.00    0.00    0.00    0.00    0.00  100.00
04:54:25       9    5.94    0.00    3.96    0.00    0.99    0.00    0.00    0.00    0.00   89.11
04:54:25      10    0.00    0.00    0.00    0.00    0.00    0.00    0.00    0.00    0.00  100.00
04:54:25      11    1.00    0.00    2.00    1.00    0.00    0.00    0.00    0.00    0.00   96.00

04:54:25     CPU    %usr   %nice    %sys %iowait    %irq   %soft  %steal  %guest  %gnice   %idle
04:54:26     all    0.50    0.00    0.75    0.00    0.00    0.08    0.00    0.00    0.00   98.67
04:54:26       0    0.00    0.00    0.00    0.00    0.00    0.00    0.00    0.00    0.00  100.00
04:54:26       1    0.00    0.00    1.00    0.00    0.00    0.00    0.00    0.00    0.00   99.00
04:54:26       2    0.99    0.00    0.99    0.00    0.00    0.00    0.00    0.00    0.00   98.02
04:54:26       3    0.00    0.00    0.00    0.00    0.00    0.00    0.00    0.00    0.00  100.00
04:54:26       4    0.00    0.00    0.00    0.00    0.00    0.00    0.00    0.00    0.00  100.00
04:54:26       5    0.00    0.00    0.00    0.00    0.00    0.00    0.00    0.00    0.00  100.00
04:54:26       6    0.00    0.00    0.99    0.00    0.00    0.00    0.00    0.00    0.00   99.01
04:54:26       7    0.00    0.00    0.00    0.00    0.00    0.00    0.00    0.00    0.00  100.00
04:54:26       8    0.00    0.00    1.00    0.00    0.00    0.00    0.00    0.00    0.00   99.00
04:54:26       9    3.00    0.00    3.00    0.00    0.00    0.00    0.00    0.00    0.00   94.00
04:54:26      10    1.00    0.00    1.00    0.00    0.00    1.00    0.00    0.00    0.00   97.00
04:54:26      11    0.99    0.00    0.99    0.00    0.00    0.00    0.00    0.00    0.00   98.02

Average:     CPU    %usr   %nice    %sys %iowait    %irq   %soft  %steal  %guest  %gnice   %idle
Average:     all    0.33    0.00    0.42    0.03    0.02    0.03    0.00    0.00    0.00   99.17
Average:       0    0.60    0.00    0.20    0.00    0.00    0.00    0.00    0.00    0.00   99.20
Average:       1    0.20    0.00    0.20    0.00    0.00    0.00    0.00    0.00    0.00   99.60
Average:       2    0.20    0.00    0.20    0.00    0.00    0.00    0.00    0.00    0.00   99.60
Average:       3    0.00    0.00    0.00    0.00    0.00    0.00    0.00    0.00    0.00  100.00
Average:       4    0.00    0.00    1.00    0.00    0.00    0.20    0.00    0.00    0.00   98.80
Average:       5    0.00    0.00    0.20    0.00    0.00    0.00    0.00    0.00    0.00   99.80
Average:       6    0.00    0.00    0.20    0.20    0.00    0.00    0.00    0.00    0.00   99.60
Average:       7    0.00    0.00    0.00    0.00    0.00    0.00    0.00    0.00    0.00  100.00
Average:       8    0.40    0.00    0.60    0.00    0.00    0.00    0.00    0.00    0.00   99.00
Average:       9    2.00    0.00    1.60    0.00    0.20    0.00    0.00    0.00    0.00   96.21
Average:      10    0.20    0.00    0.20    0.00    0.00    0.20    0.00    0.00    0.00   99.40
Average:      11    0.40    0.00    0.60    0.20    0.00    0.00    0.00    0.00    0.00   98.80
