Linux 5.14.0-611.34.1.el9_7.x86_64 (benchmark-server) 	08/29/26 	_x86_64_	(12 CPU)

04:26:42     CPU    %usr   %nice    %sys %iowait    %irq   %soft  %steal  %guest  %gnice   %idle
04:26:43     all    0.08    0.00    0.08    0.00    0.00    0.00    0.00    0.00    0.00   99.83
04:26:43       0    0.00    0.00    0.00    0.00    0.00    0.00    0.00    0.00    0.00  100.00
04:26:43       1    0.00    0.00    1.01    0.00    0.00    0.00    0.00    0.00    0.00   98.99
04:26:43       2    0.00    0.00    0.00    0.00    0.00    0.00    0.00    0.00    0.00  100.00
04:26:43       3    0.00    0.00    0.00    0.00    0.00    0.00    0.00    0.00    0.00  100.00
04:26:43       4    0.00    0.00    0.00    0.00    0.00    0.00    0.00    0.00    0.00  100.00
04:26:43       5    0.00    0.00    0.00    0.00    0.00    0.00    0.00    0.00    0.00  100.00
04:26:43       6    0.00    0.00    0.00    0.00    0.00    0.00    0.00    0.00    0.00  100.00
04:26:43       7    0.00    0.00    0.00    0.00    0.00    0.00    0.00    0.00    0.00  100.00
04:26:43       8    0.00    0.00    0.00    0.00    0.00    0.00    0.00    0.00    0.00  100.00
04:26:43       9    0.00    0.00    0.00    0.00    0.00    0.00    0.00    0.00    0.00  100.00
04:26:43      10    0.00    0.00    0.00    0.00    0.00    0.00    0.00    0.00    0.00  100.00
04:26:43      11    0.99    0.00    0.00    0.00    0.00    0.00    0.00    0.00    0.00   99.01

04:26:43     CPU    %usr   %nice    %sys %iowait    %irq   %soft  %steal  %guest  %gnice   %idle
04:26:44     all    0.17    0.00    0.25    0.00    0.00    0.00    0.00    0.00    0.00   99.58
04:26:44       0    0.99    0.00    0.99    0.00    0.00    0.00    0.00    0.00    0.00   98.02
04:26:44       1    0.00    0.00    0.99    0.00    0.00    0.00    0.00    0.00    0.00   99.01
04:26:44       2    0.00    0.00    0.00    0.00    0.00    0.00    0.00    0.00    0.00  100.00
04:26:44       3    0.00    0.00    0.00    0.00    0.00    0.00    0.00    0.00    0.00  100.00
04:26:44       4    0.00    0.00    0.00    0.00    0.00    0.00    0.00    0.00    0.00  100.00
04:26:44       5    0.00    0.00    0.00    0.00    0.00    0.00    0.00    0.00    0.00  100.00
04:26:44       6    0.00    0.00    0.00    0.00    0.00    0.00    0.00    0.00    0.00  100.00
04:26:44       7    0.99    0.00    0.99    0.00    0.00    0.00    0.00    0.00    0.00   98.02
04:26:44       8    0.00    0.00    0.00    0.00    0.00    0.00    0.00    0.00    0.00  100.00
04:26:44       9    0.00    0.00    0.00    0.00    0.00    0.00    0.00    0.00    0.00  100.00
04:26:44      10    0.00    0.00    0.00    0.00    0.00    0.00    0.00    0.00    0.00  100.00
04:26:44      11    0.00    0.00    0.00    0.00    0.00    0.00    0.00    0.00    0.00  100.00

04:26:44     CPU    %usr   %nice    %sys %iowait    %irq   %soft  %steal  %guest  %gnice   %idle
04:26:45     all    0.00    0.00    0.08    0.00    0.00    0.08    0.00    0.00    0.00   99.83
04:26:45       0    0.00    0.00    0.00    0.00    0.00    0.00    0.00    0.00    0.00  100.00
04:26:45       1    0.00    0.00    1.01    0.00    0.00    0.00    0.00    0.00    0.00   98.99
04:26:45       2    0.00    0.00    0.00    0.00    0.00    0.00    0.00    0.00    0.00  100.00
04:26:45       3    0.00    0.00    0.00    0.00    0.00    0.00    0.00    0.00    0.00  100.00
04:26:45       4    0.00    0.00    0.00    0.00    0.00    0.00    0.00    0.00    0.00  100.00
04:26:45       5    0.00    0.00    0.00    0.00    0.00    0.00    0.00    0.00    0.00  100.00
04:26:45       6    0.00    0.00    0.00    0.00    0.00    0.00    0.00    0.00    0.00  100.00
04:26:45       7    0.00    0.00    0.00    0.00    0.00    0.00    0.00    0.00    0.00  100.00
04:26:45       8    0.00    0.00    0.00    0.00    0.00    0.00    0.00    0.00    0.00  100.00
04:26:45       9    0.00    0.00    0.00    0.00    0.00    0.00    0.00    0.00    0.00  100.00
04:26:45      10    0.00    0.00    0.00    0.00    0.00    0.00    0.00    0.00    0.00  100.00
04:26:45      11    0.00    0.00    0.00    0.00    0.00    1.00    0.00    0.00    0.00   99.00

04:26:45     CPU    %usr   %nice    %sys %iowait    %irq   %soft  %steal  %guest  %gnice   %idle
04:26:46     all    0.42    0.00    0.08    0.00    0.00    0.00    0.00    0.00    0.00   99.50
04:26:46       0    1.00    0.00    0.00    0.00    0.00    0.00    0.00    0.00    0.00   99.00
04:26:46       1    0.99    0.00    0.99    0.00    0.00    0.00    0.00    0.00    0.00   98.02
04:26:46       2    0.00    0.00    0.00    0.00    0.00    0.00    0.00    0.00    0.00  100.00
04:26:46       3    0.00    0.00    0.00    0.00    0.00    0.00    0.00    0.00    0.00  100.00
04:26:46       4    0.00    0.00    0.00    0.00    0.00    0.00    0.00    0.00    0.00  100.00
04:26:46       5    0.00    0.00    0.00    0.00    0.00    0.00    0.00    0.00    0.00  100.00
04:26:46       6    0.00    0.00    0.00    0.00    0.00    0.00    0.00    0.00    0.00  100.00
04:26:46       7    0.00    0.00    0.00    0.00    0.00    0.00    0.00    0.00    0.00  100.00
04:26:46       8    0.00    0.00    0.00    0.00    0.00    0.00    0.00    0.00    0.00  100.00
04:26:46       9    0.00    0.00    0.00    0.00    0.00    0.00    0.00    0.00    0.00  100.00
04:26:46      10    1.00    0.00    0.00    0.00    0.00    0.00    0.00    0.00    0.00   99.00
04:26:46      11    1.98    0.00    0.00    0.00    0.00    0.00    0.00    0.00    0.00   98.02

04:26:46     CPU    %usr   %nice    %sys %iowait    %irq   %soft  %steal  %guest  %gnice   %idle
04:26:47     all    0.08    0.00    0.17    0.00    0.00    0.00    0.00    0.00    0.00   99.75
04:26:47       0    0.99    0.00    0.99    0.00    0.00    0.00    0.00    0.00    0.00   98.02
04:26:47       1    0.00    0.00    0.00    0.00    0.00    0.00    0.00    0.00    0.00  100.00
04:26:47       2    0.00    0.00    0.00    0.00    0.00    0.00    0.00    0.00    0.00  100.00
04:26:47       3    0.00    0.00    0.00    0.00    0.00    0.00    0.00    0.00    0.00  100.00
04:26:47       4    0.00    0.00    0.00    0.00    0.00    0.00    0.00    0.00    0.00  100.00
04:26:47       5    0.00    0.00    0.00    0.00    0.00    0.00    0.00    0.00    0.00  100.00
04:26:47       6    0.00    0.00    0.00    0.00    0.00    0.00    0.00    0.00    0.00  100.00
04:26:47       7    0.00    0.00    0.00    0.00    0.00    0.00    0.00    0.00    0.00  100.00
04:26:47       8    0.00    0.00    0.00    0.00    0.00    0.00    0.00    0.00    0.00  100.00
04:26:47       9    0.00    0.00    1.00    0.00    0.00    0.00    0.00    0.00    0.00   99.00
04:26:47      10    0.00    0.00    0.00    0.00    0.00    0.00    0.00    0.00    0.00  100.00
04:26:47      11    0.00    0.00    0.00    0.00    0.00    0.00    0.00    0.00    0.00  100.00

Average:     CPU    %usr   %nice    %sys %iowait    %irq   %soft  %steal  %guest  %gnice   %idle
Average:     all    0.15    0.00    0.13    0.00    0.00    0.02    0.00    0.00    0.00   99.70
Average:       0    0.60    0.00    0.40    0.00    0.00    0.00    0.00    0.00    0.00   99.00
Average:       1    0.20    0.00    0.80    0.00    0.00    0.00    0.00    0.00    0.00   99.00
Average:       2    0.00    0.00    0.00    0.00    0.00    0.00    0.00    0.00    0.00  100.00
Average:       3    0.00    0.00    0.00    0.00    0.00    0.00    0.00    0.00    0.00  100.00
Average:       4    0.00    0.00    0.00    0.00    0.00    0.00    0.00    0.00    0.00  100.00
Average:       5    0.00    0.00    0.00    0.00    0.00    0.00    0.00    0.00    0.00  100.00
Average:       6    0.00    0.00    0.00    0.00    0.00    0.00    0.00    0.00    0.00  100.00
Average:       7    0.20    0.00    0.20    0.00    0.00    0.00    0.00    0.00    0.00   99.60
Average:       8    0.00    0.00    0.00    0.00    0.00    0.00    0.00    0.00    0.00  100.00
Average:       9    0.00    0.00    0.20    0.00    0.00    0.00    0.00    0.00    0.00   99.80
Average:      10    0.20    0.00    0.00    0.00    0.00    0.00    0.00    0.00    0.00   99.80
Average:      11    0.60    0.00    0.00    0.00    0.00    0.20    0.00    0.00    0.00   99.20
