Linux 5.14.0-611.34.1.el9_7.x86_64 (benchmark-server) 	08/29/26 	_x86_64_	(12 CPU)

05:11:58     CPU    %usr   %nice    %sys %iowait    %irq   %soft  %steal  %guest  %gnice   %idle
05:11:59     all    0.08    0.00    0.17    0.00    0.00    0.00    0.00    0.00    0.00   99.75
05:11:59       0    0.00    0.00    1.01    0.00    0.00    0.00    0.00    0.00    0.00   98.99
05:11:59       1    0.00    0.00    0.00    0.00    0.00    0.00    0.00    0.00    0.00  100.00
05:11:59       2    0.00    0.00    0.00    0.00    0.00    0.00    0.00    0.00    0.00  100.00
05:11:59       3    0.00    0.00    0.00    0.00    0.00    0.00    0.00    0.00    0.00  100.00
05:11:59       4    0.98    0.00    0.98    0.00    0.00    0.00    0.00    0.00    0.00   98.04
05:11:59       5    0.00    0.00    0.00    0.00    0.00    0.00    0.00    0.00    0.00  100.00
05:11:59       6    0.00    0.00    0.00    0.00    0.00    0.00    0.00    0.00    0.00  100.00
05:11:59       7    0.00    0.00    0.00    0.00    0.00    0.00    0.00    0.00    0.00  100.00
05:11:59       8    0.00    0.00    0.00    0.00    0.00    0.00    0.00    0.00    0.00  100.00
05:11:59       9    0.00    0.00    0.00    0.00    0.00    0.00    0.00    0.00    0.00  100.00
05:11:59      10    0.00    0.00    0.00    0.00    0.00    0.00    0.00    0.00    0.00  100.00
05:11:59      11    0.00    0.00    0.00    0.00    0.00    0.00    0.00    0.00    0.00  100.00

05:11:59     CPU    %usr   %nice    %sys %iowait    %irq   %soft  %steal  %guest  %gnice   %idle
05:12:00     all    0.08    0.00    0.25    0.00    0.00    0.00    0.00    0.00    0.00   99.67
05:12:00       0    0.00    0.00    2.00    0.00    0.00    0.00    0.00    0.00    0.00   98.00
05:12:00       1    0.00    0.00    0.00    0.00    0.00    0.00    0.00    0.00    0.00  100.00
05:12:00       2    0.00    0.00    0.00    0.00    0.00    0.00    0.00    0.00    0.00  100.00
05:12:00       3    0.00    0.00    0.00    0.00    0.00    0.00    0.00    0.00    0.00  100.00
05:12:00       4    0.00    0.00    0.00    0.00    0.00    0.00    0.00    0.00    0.00  100.00
05:12:00       5    1.01    0.00    0.00    0.00    0.00    0.00    0.00    0.00    0.00   98.99
05:12:00       6    0.00    0.00    0.00    0.00    0.00    0.00    0.00    0.00    0.00  100.00
05:12:00       7    0.00    0.00    0.00    0.00    0.00    0.00    0.00    0.00    0.00  100.00
05:12:00       8    0.00    0.00    0.00    0.00    0.00    0.00    0.00    0.00    0.00  100.00
05:12:00       9    0.00    0.00    1.00    0.00    0.00    0.00    0.00    0.00    0.00   99.00
05:12:00      10    0.00    0.00    0.00    0.00    0.00    0.00    0.00    0.00    0.00  100.00
05:12:00      11    0.00    0.00    0.00    0.00    0.00    0.00    0.00    0.00    0.00  100.00

05:12:00     CPU    %usr   %nice    %sys %iowait    %irq   %soft  %steal  %guest  %gnice   %idle
05:12:01     all    0.33    0.00    0.33    0.00    0.17    0.00    0.00    0.00    0.00   99.17
05:12:01       0    0.99    0.00    0.99    0.00    0.00    0.00    0.00    0.00    0.00   98.02
05:12:01       1    0.00    0.00    0.00    0.00    0.00    0.00    0.00    0.00    0.00  100.00
05:12:01       2    0.00    0.00    0.00    0.00    0.00    0.00    0.00    0.00    0.00  100.00
05:12:01       3    0.00    0.00    0.00    0.00    0.00    0.00    0.00    0.00    0.00  100.00
05:12:01       4    0.00    0.00    1.00    0.00    0.00    0.00    0.00    0.00    0.00   99.00
05:12:01       5    0.00    0.00    0.00    0.00    0.00    0.00    0.00    0.00    0.00  100.00
05:12:01       6    0.00    0.00    0.00    0.00    0.99    0.00    0.00    0.00    0.00   99.01
05:12:01       7    3.00    0.00    1.00    0.00    0.00    0.00    0.00    0.00    0.00   96.00
05:12:01       8    0.00    0.00    0.99    0.00    0.00    0.00    0.00    0.00    0.00   99.01
05:12:01       9    0.00    0.00    0.00    0.00    0.00    0.00    0.00    0.00    0.00  100.00
05:12:01      10    0.00    0.00    0.00    0.00    0.00    0.00    0.00    0.00    0.00  100.00
05:12:01      11    0.00    0.00    0.00    0.00    1.00    0.00    0.00    0.00    0.00   99.00

05:12:01     CPU    %usr   %nice    %sys %iowait    %irq   %soft  %steal  %guest  %gnice   %idle
05:12:02     all    2.50    0.00    1.25    0.00    0.00    0.00    0.00    0.00    0.00   96.25
05:12:02       0    1.01    0.00    2.02    0.00    0.00    0.00    0.00    0.00    0.00   96.97
05:12:02       1    8.08    0.00    3.03    0.00    0.00    0.00    0.00    0.00    0.00   88.89
05:12:02       2    0.00    0.00    0.00    0.00    0.00    0.00    0.00    0.00    0.00  100.00
05:12:02       3   11.00    0.00    2.00    0.00    0.00    0.00    0.00    0.00    0.00   87.00
05:12:02       4    0.99    0.00    0.99    0.00    0.00    0.00    0.00    0.00    0.00   98.02
05:12:02       5    0.98    0.00    0.98    0.00    0.00    0.00    0.00    0.00    0.00   98.04
05:12:02       6    0.00    0.00    0.00    0.00    0.00    0.00    0.00    0.00    0.00  100.00
05:12:02       7    1.00    0.00    1.00    0.00    0.00    0.00    0.00    0.00    0.00   98.00
05:12:02       8    5.05    0.00    2.02    0.00    0.00    0.00    0.00    0.00    0.00   92.93
05:12:02       9    0.00    0.00    0.00    0.00    0.00    0.00    0.00    0.00    0.00  100.00
05:12:02      10    1.00    0.00    2.00    0.00    0.00    0.00    0.00    0.00    0.00   97.00
05:12:02      11    0.99    0.00    0.99    0.00    0.00    0.00    0.00    0.00    0.00   98.02

05:12:02     CPU    %usr   %nice    %sys %iowait    %irq   %soft  %steal  %guest  %gnice   %idle
05:12:03     all    0.25    0.00    0.25    0.00    0.00    0.00    0.00    0.00    0.00   99.50
05:12:03       0    0.00    0.00    1.00    0.00    0.00    0.00    0.00    0.00    0.00   99.00
05:12:03       1    0.00    0.00    0.00    0.00    0.00    0.00    0.00    0.00    0.00  100.00
05:12:03       2    0.00    0.00    0.00    0.00    0.00    0.00    0.00    0.00    0.00  100.00
05:12:03       3    1.98    0.00    0.99    0.00    0.00    0.00    0.00    0.00    0.00   97.03
05:12:03       4    0.00    0.00    0.00    0.00    0.00    0.00    0.00    0.00    0.00  100.00
05:12:03       5    0.00    0.00    0.00    0.00    0.00    0.00    0.00    0.00    0.00  100.00
05:12:03       6    0.00    0.00    0.00    0.00    0.00    0.00    0.00    0.00    0.00  100.00
05:12:03       7    0.00    0.00    0.00    0.00    0.00    0.00    0.00    0.00    0.00  100.00
05:12:03       8    0.00    0.00    1.00    0.00    0.00    0.00    0.00    0.00    0.00   99.00
05:12:03       9    0.00    0.00    0.00    0.00    0.00    0.00    0.00    0.00    0.00  100.00
05:12:03      10    1.00    0.00    0.00    0.00    0.00    0.00    0.00    0.00    0.00   99.00
05:12:03      11    0.00    0.00    0.00    0.00    0.00    0.00    0.00    0.00    0.00  100.00

Average:     CPU    %usr   %nice    %sys %iowait    %irq   %soft  %steal  %guest  %gnice   %idle
Average:     all    0.65    0.00    0.45    0.00    0.03    0.00    0.00    0.00    0.00   98.87
Average:       0    0.40    0.00    1.40    0.00    0.00    0.00    0.00    0.00    0.00   98.20
Average:       1    1.60    0.00    0.60    0.00    0.00    0.00    0.00    0.00    0.00   97.80
Average:       2    0.00    0.00    0.00    0.00    0.00    0.00    0.00    0.00    0.00  100.00
Average:       3    2.59    0.00    0.60    0.00    0.00    0.00    0.00    0.00    0.00   96.81
Average:       4    0.40    0.00    0.60    0.00    0.00    0.00    0.00    0.00    0.00   99.00
Average:       5    0.40    0.00    0.20    0.00    0.00    0.00    0.00    0.00    0.00   99.40
Average:       6    0.00    0.00    0.00    0.00    0.20    0.00    0.00    0.00    0.00   99.80
Average:       7    0.80    0.00    0.40    0.00    0.00    0.00    0.00    0.00    0.00   98.80
Average:       8    1.00    0.00    0.80    0.00    0.00    0.00    0.00    0.00    0.00   98.20
Average:       9    0.00    0.00    0.20    0.00    0.00    0.00    0.00    0.00    0.00   99.80
Average:      10    0.40    0.00    0.40    0.00    0.00    0.00    0.00    0.00    0.00   99.20
Average:      11    0.20    0.00    0.20    0.00    0.20    0.00    0.00    0.00    0.00   99.40
