Linux 5.14.0-611.34.1.el9_7.x86_64 (benchmark-server) 	08/29/26 	_x86_64_	(12 CPU)

05:01:51     CPU    %usr   %nice    %sys %iowait    %irq   %soft  %steal  %guest  %gnice   %idle
05:01:52     all    0.58    0.00    0.17    0.00    0.00    0.00    0.00    0.00    0.00   99.25
05:01:52       0    0.00    0.00    0.00    0.00    0.00    0.00    0.00    0.00    0.00  100.00
05:01:52       1    0.00    0.00    0.00    0.00    0.00    0.00    0.00    0.00    0.00  100.00
05:01:52       2    0.00    0.00    0.00    0.00    0.00    0.00    0.00    0.00    0.00  100.00
05:01:52       3    0.00    0.00    0.00    0.00    0.00    0.00    0.00    0.00    0.00  100.00
05:01:52       4    0.00    0.00    0.00    0.00    0.00    0.00    0.00    0.00    0.00  100.00
05:01:52       5    0.00    0.00    0.00    0.00    0.00    0.00    0.00    0.00    0.00  100.00
05:01:52       6    0.99    0.00    0.00    0.00    0.00    0.00    0.00    0.00    0.00   99.01
05:01:52       7    0.99    0.00    0.99    0.00    0.00    0.00    0.00    0.00    0.00   98.02
05:01:52       8    2.97    0.00    0.99    0.00    0.00    0.00    0.00    0.00    0.00   96.04
05:01:52       9    1.00    0.00    0.00    0.00    0.00    0.00    0.00    0.00    0.00   99.00
05:01:52      10    0.00    0.00    0.00    0.00    0.00    0.00    0.00    0.00    0.00  100.00
05:01:52      11    0.99    0.00    0.00    0.00    0.00    0.00    0.00    0.00    0.00   99.01

05:01:52     CPU    %usr   %nice    %sys %iowait    %irq   %soft  %steal  %guest  %gnice   %idle
05:01:53     all    0.25    0.00    0.33    0.00    0.08    0.00    0.00    0.00    0.00   99.33
05:01:53       0    0.00    0.00    0.00    0.00    0.00    0.00    0.00    0.00    0.00  100.00
05:01:53       1    0.00    0.00    0.00    0.00    0.00    0.00    0.00    0.00    0.00  100.00
05:01:53       2    0.00    0.00    0.00    0.00    0.00    0.00    0.00    0.00    0.00  100.00
05:01:53       3    0.00    0.00    0.00    0.00    0.00    0.00    0.00    0.00    0.00  100.00
05:01:53       4    3.00    0.00    1.00    0.00    0.00    0.00    0.00    0.00    0.00   96.00
05:01:53       5    0.00    0.00    0.00    0.00    0.00    0.00    0.00    0.00    0.00  100.00
05:01:53       6    0.00    0.00    0.00    0.00    0.00    0.00    0.00    0.00    0.00  100.00
05:01:53       7    0.00    0.00    0.00    0.00    0.00    0.00    0.00    0.00    0.00  100.00
05:01:53       8    0.00    0.00    1.00    0.00    0.00    0.00    0.00    0.00    0.00   99.00
05:01:53       9    0.00    0.00    0.99    0.00    0.99    0.00    0.00    0.00    0.00   98.02
05:01:53      10    0.00    0.00    1.00    0.00    0.00    0.00    0.00    0.00    0.00   99.00
05:01:53      11    0.00    0.00    0.00    0.00    0.00    0.00    0.00    0.00    0.00  100.00

05:01:53     CPU    %usr   %nice    %sys %iowait    %irq   %soft  %steal  %guest  %gnice   %idle
05:01:54     all    0.25    0.00    0.08    0.00    0.00    0.00    0.00    0.00    0.00   99.67
05:01:54       0    1.00    0.00    0.00    0.00    0.00    0.00    0.00    0.00    0.00   99.00
05:01:54       1    0.00    0.00    0.00    0.00    0.00    0.00    0.00    0.00    0.00  100.00
05:01:54       2    0.00    0.00    0.00    0.00    0.00    0.00    0.00    0.00    0.00  100.00
05:01:54       3    0.00    0.00    0.00    0.00    0.00    0.00    0.00    0.00    0.00  100.00
05:01:54       4    0.00    0.00    0.00    0.00    0.00    0.00    0.00    0.00    0.00  100.00
05:01:54       5    0.00    0.00    0.00    0.00    0.00    0.00    0.00    0.00    0.00  100.00
05:01:54       6    0.00    0.00    0.00    0.00    0.00    0.00    0.00    0.00    0.00  100.00
05:01:54       7    0.00    0.00    0.00    0.00    0.00    0.00    0.00    0.00    0.00  100.00
05:01:54       8    0.00    0.00    0.00    0.00    0.00    0.00    0.00    0.00    0.00  100.00
05:01:54       9    1.00    0.00    1.00    0.00    0.00    0.00    0.00    0.00    0.00   98.00
05:01:54      10    0.99    0.00    0.00    0.00    0.00    0.00    0.00    0.00    0.00   99.01
05:01:54      11    0.00    0.00    0.00    0.00    0.00    0.00    0.00    0.00    0.00  100.00

05:01:54     CPU    %usr   %nice    %sys %iowait    %irq   %soft  %steal  %guest  %gnice   %idle
05:01:55     all    0.25    0.00    0.33    0.00    0.00    0.00    0.00    0.00    0.00   99.42
05:01:55       0    0.00    0.00    0.99    0.00    0.00    0.00    0.00    0.00    0.00   99.01
05:01:55       1    0.00    0.00    0.00    0.00    0.00    0.00    0.00    0.00    0.00  100.00
05:01:55       2    0.00    0.00    0.00    0.00    0.00    0.00    0.00    0.00    0.00  100.00
05:01:55       3    0.00    0.00    0.00    0.00    0.00    0.00    0.00    0.00    0.00  100.00
05:01:55       4    0.00    0.00    0.00    0.00    0.00    0.00    0.00    0.00    0.00  100.00
05:01:55       5    0.00    0.00    0.00    0.00    0.00    0.00    0.00    0.00    0.00  100.00
05:01:55       6    0.00    0.00    0.00    0.00    0.00    0.00    0.00    0.00    0.00  100.00
05:01:55       7    0.00    0.00    0.00    0.00    0.00    0.00    0.00    0.00    0.00  100.00
05:01:55       8    0.00    0.00    0.00    0.00    0.00    0.00    0.00    0.00    0.00  100.00
05:01:55       9    0.00    0.00    0.00    0.00    0.00    0.00    0.00    0.00    0.00  100.00
05:01:55      10    3.03    0.00    2.02    0.00    0.00    0.00    0.00    0.00    0.00   94.95
05:01:55      11    0.00    0.00    1.00    0.00    0.00    0.00    0.00    0.00    0.00   99.00

05:01:55     CPU    %usr   %nice    %sys %iowait    %irq   %soft  %steal  %guest  %gnice   %idle
05:01:56     all    0.67    0.00    0.17    0.08    0.08    0.00    0.00    0.00    0.00   98.99
05:01:56       0    0.00    0.00    0.00    0.00    1.00    0.00    0.00    0.00    0.00   99.00
05:01:56       1    0.00    0.00    0.00    0.00    0.00    0.00    0.00    0.00    0.00  100.00
05:01:56       2    0.00    0.00    0.00    0.00    0.00    0.00    0.00    0.00    0.00  100.00
05:01:56       3    0.00    0.00    0.00    0.00    0.00    0.00    0.00    0.00    0.00  100.00
05:01:56       4    0.00    0.00    0.00    0.00    0.00    0.00    0.00    0.00    0.00  100.00
05:01:56       5    0.00    0.00    0.00    0.00    0.00    0.00    0.00    0.00    0.00  100.00
05:01:56       6    0.00    0.00    0.00    0.00    0.00    0.00    0.00    0.00    0.00  100.00
05:01:56       7    0.00    0.00    0.00    0.00    0.00    0.00    0.00    0.00    0.00  100.00
05:01:56       8    2.00    0.00    2.00    0.00    0.00    0.00    0.00    0.00    0.00   96.00
05:01:56       9    0.00    0.00    0.00    0.00    0.00    0.00    0.00    0.00    0.00  100.00
05:01:56      10    2.02    0.00    0.00    0.00    0.00    0.00    0.00    0.00    0.00   97.98
05:01:56      11    3.96    0.00    0.00    0.99    0.00    0.00    0.00    0.00    0.00   95.05

Average:     CPU    %usr   %nice    %sys %iowait    %irq   %soft  %steal  %guest  %gnice   %idle
Average:     all    0.40    0.00    0.22    0.02    0.03    0.00    0.00    0.00    0.00   99.33
Average:       0    0.20    0.00    0.20    0.00    0.20    0.00    0.00    0.00    0.00   99.40
Average:       1    0.00    0.00    0.00    0.00    0.00    0.00    0.00    0.00    0.00  100.00
Average:       2    0.00    0.00    0.00    0.00    0.00    0.00    0.00    0.00    0.00  100.00
Average:       3    0.00    0.00    0.00    0.00    0.00    0.00    0.00    0.00    0.00  100.00
Average:       4    0.60    0.00    0.20    0.00    0.00    0.00    0.00    0.00    0.00   99.20
Average:       5    0.00    0.00    0.00    0.00    0.00    0.00    0.00    0.00    0.00  100.00
Average:       6    0.20    0.00    0.00    0.00    0.00    0.00    0.00    0.00    0.00   99.80
Average:       7    0.20    0.00    0.20    0.00    0.00    0.00    0.00    0.00    0.00   99.60
Average:       8    1.00    0.00    0.80    0.00    0.00    0.00    0.00    0.00    0.00   98.20
Average:       9    0.40    0.00    0.40    0.00    0.20    0.00    0.00    0.00    0.00   99.00
Average:      10    1.20    0.00    0.60    0.00    0.00    0.00    0.00    0.00    0.00   98.19
Average:      11    1.00    0.00    0.20    0.20    0.00    0.00    0.00    0.00    0.00   98.60
