Linux 5.14.0-611.34.1.el9_7.x86_64 (benchmark-server) 	08/29/26 	_x86_64_	(12 CPU)

04:11:31     CPU    %usr   %nice    %sys %iowait    %irq   %soft  %steal  %guest  %gnice   %idle
04:11:32     all    0.08    0.00    0.08    0.00    0.00    0.00    0.00    0.00    0.00   99.83
04:11:32       0    0.99    0.00    0.99    0.00    0.00    0.00    0.00    0.00    0.00   98.02
04:11:32       1    0.00    0.00    0.00    0.00    0.00    0.00    0.00    0.00    0.00  100.00
04:11:32       2    0.00    0.00    0.00    0.00    0.00    0.00    0.00    0.00    0.00  100.00
04:11:32       3    0.00    0.00    0.00    0.00    0.00    0.00    0.00    0.00    0.00  100.00
04:11:32       4    0.00    0.00    0.00    0.00    0.00    0.00    0.00    0.00    0.00  100.00
04:11:32       5    0.00    0.00    0.00    0.00    0.00    0.00    0.00    0.00    0.00  100.00
04:11:32       6    0.00    0.00    0.00    0.00    0.00    0.00    0.00    0.00    0.00  100.00
04:11:32       7    0.00    0.00    0.00    0.00    0.00    0.00    0.00    0.00    0.00  100.00
04:11:32       8    0.00    0.00    0.00    0.00    0.00    0.00    0.00    0.00    0.00  100.00
04:11:32       9    0.00    0.00    0.00    0.00    0.00    0.00    0.00    0.00    0.00  100.00
04:11:32      10    0.00    0.00    0.00    0.00    0.00    0.00    0.00    0.00    0.00  100.00
04:11:32      11    0.00    0.00    0.00    0.00    0.00    0.00    0.00    0.00    0.00  100.00

04:11:32     CPU    %usr   %nice    %sys %iowait    %irq   %soft  %steal  %guest  %gnice   %idle
04:11:33     all    0.25    0.00    0.25    0.00    0.00    0.00    0.00    0.00    0.00   99.50
04:11:33       0    0.00    0.00    1.01    0.00    0.00    0.00    0.00    0.00    0.00   98.99
04:11:33       1    0.00    0.00    0.00    0.00    0.00    0.00    0.00    0.00    0.00  100.00
04:11:33       2    0.00    0.00    0.00    0.00    0.00    0.00    0.00    0.00    0.00  100.00
04:11:33       3    0.00    0.00    0.00    0.00    0.00    0.00    0.00    0.00    0.00  100.00
04:11:33       4    0.00    0.00    0.00    0.00    0.00    0.00    0.00    0.00    0.00  100.00
04:11:33       5    0.99    0.00    0.99    0.00    0.00    0.00    0.00    0.00    0.00   98.02
04:11:33       6    0.00    0.00    0.00    0.00    0.00    0.00    0.00    0.00    0.00  100.00
04:11:33       7    0.00    0.00    0.99    0.00    0.00    0.00    0.00    0.00    0.00   99.01
04:11:33       8    0.00    0.00    0.00    0.00    0.00    0.00    0.00    0.00    0.00  100.00
04:11:33       9    1.00    0.00    0.00    0.00    0.00    0.00    0.00    0.00    0.00   99.00
04:11:33      10    0.99    0.00    0.00    0.00    0.00    0.00    0.00    0.00    0.00   99.01
04:11:33      11    0.00    0.00    0.00    0.00    0.00    0.00    0.00    0.00    0.00  100.00

04:11:33     CPU    %usr   %nice    %sys %iowait    %irq   %soft  %steal  %guest  %gnice   %idle
04:11:34     all    0.00    0.00    0.25    0.00    0.00    0.00    0.00    0.00    0.00   99.75
04:11:34       0    0.00    0.00    1.00    0.00    0.00    0.00    0.00    0.00    0.00   99.00
04:11:34       1    0.00    0.00    0.00    0.00    0.00    0.00    0.00    0.00    0.00  100.00
04:11:34       2    0.00    0.00    0.00    0.00    0.00    0.00    0.00    0.00    0.00  100.00
04:11:34       3    0.00    0.00    0.00    0.00    0.00    0.00    0.00    0.00    0.00  100.00
04:11:34       4    0.00    0.00    0.00    0.00    0.00    0.00    0.00    0.00    0.00  100.00
04:11:34       5    0.00    0.00    0.00    0.00    0.00    0.00    0.00    0.00    0.00  100.00
04:11:34       6    0.00    0.00    0.99    0.00    0.00    0.00    0.00    0.00    0.00   99.01
04:11:34       7    0.00    0.00    0.00    0.00    0.00    0.00    0.00    0.00    0.00  100.00
04:11:34       8    0.00    0.00    0.99    0.00    0.00    0.00    0.00    0.00    0.00   99.01
04:11:34       9    0.00    0.00    0.00    0.00    0.00    0.00    0.00    0.00    0.00  100.00
04:11:34      10    0.00    0.00    0.00    0.00    0.00    0.00    0.00    0.00    0.00  100.00
04:11:34      11    0.00    0.00    0.00    0.00    0.00    0.00    0.00    0.00    0.00  100.00

04:11:34     CPU    %usr   %nice    %sys %iowait    %irq   %soft  %steal  %guest  %gnice   %idle
04:11:35     all    0.17    0.00    0.08    0.00    0.00    0.00    0.00    0.00    0.00   99.75
04:11:35       0    0.99    0.00    0.99    0.00    0.00    0.00    0.00    0.00    0.00   98.02
04:11:35       1    0.00    0.00    0.00    0.00    0.00    0.00    0.00    0.00    0.00  100.00
04:11:35       2    0.00    0.00    0.00    0.00    0.00    0.00    0.00    0.00    0.00  100.00
04:11:35       3    0.00    0.00    0.00    0.00    0.00    0.00    0.00    0.00    0.00  100.00
04:11:35       4    0.00    0.00    0.00    0.00    0.00    0.00    0.00    0.00    0.00  100.00
04:11:35       5    0.00    0.00    0.00    0.00    0.00    0.00    0.00    0.00    0.00  100.00
04:11:35       6    0.00    0.00    0.00    0.00    0.00    0.00    0.00    0.00    0.00  100.00
04:11:35       7    0.00    0.00    0.00    0.00    0.00    0.00    0.00    0.00    0.00  100.00
04:11:35       8    0.00    0.00    0.00    0.00    0.00    0.00    0.00    0.00    0.00  100.00
04:11:35       9    1.00    0.00    0.00    0.00    0.00    0.00    0.00    0.00    0.00   99.00
04:11:35      10    0.00    0.00    0.00    0.00    0.00    0.00    0.00    0.00    0.00  100.00
04:11:35      11    0.00    0.00    0.00    0.00    0.00    0.00    0.00    0.00    0.00  100.00

04:11:35     CPU    %usr   %nice    %sys %iowait    %irq   %soft  %steal  %guest  %gnice   %idle
04:11:36     all    0.33    0.00    0.33    0.00    0.00    0.00    0.00    0.00    0.00   99.33
04:11:36       0    0.00    0.00    0.00    0.00    0.00    0.00    0.00    0.00    0.00  100.00
04:11:36       1    0.00    0.00    0.99    0.00    0.00    0.00    0.00    0.00    0.00   99.01
04:11:36       2    0.00    0.00    0.00    0.00    0.00    0.00    0.00    0.00    0.00  100.00
04:11:36       3    0.00    0.00    0.00    0.00    0.00    0.00    0.00    0.00    0.00  100.00
04:11:36       4    0.99    0.00    0.00    0.00    0.00    0.00    0.00    0.00    0.00   99.01
04:11:36       5    0.98    0.00    0.98    0.00    0.00    0.00    0.00    0.00    0.00   98.04
04:11:36       6    0.00    0.00    0.00    0.00    0.00    0.00    0.00    0.00    0.00  100.00
04:11:36       7    0.00    0.00    0.00    0.00    0.00    0.00    0.00    0.00    0.00  100.00
04:11:36       8    0.00    0.00    1.01    0.00    0.00    0.00    0.00    0.00    0.00   98.99
04:11:36       9    1.98    0.00    0.99    0.00    0.00    0.00    0.00    0.00    0.00   97.03
04:11:36      10    0.00    0.00    0.00    0.00    0.00    0.00    0.00    0.00    0.00  100.00
04:11:36      11    0.00    0.00    0.00    0.00    0.00    0.00    0.00    0.00    0.00  100.00

Average:     CPU    %usr   %nice    %sys %iowait    %irq   %soft  %steal  %guest  %gnice   %idle
Average:     all    0.17    0.00    0.20    0.00    0.00    0.00    0.00    0.00    0.00   99.63
Average:       0    0.40    0.00    0.80    0.00    0.00    0.00    0.00    0.00    0.00   98.80
Average:       1    0.00    0.00    0.20    0.00    0.00    0.00    0.00    0.00    0.00   99.80
Average:       2    0.00    0.00    0.00    0.00    0.00    0.00    0.00    0.00    0.00  100.00
Average:       3    0.00    0.00    0.00    0.00    0.00    0.00    0.00    0.00    0.00  100.00
Average:       4    0.20    0.00    0.00    0.00    0.00    0.00    0.00    0.00    0.00   99.80
Average:       5    0.40    0.00    0.40    0.00    0.00    0.00    0.00    0.00    0.00   99.20
Average:       6    0.00    0.00    0.20    0.00    0.00    0.00    0.00    0.00    0.00   99.80
Average:       7    0.00    0.00    0.20    0.00    0.00    0.00    0.00    0.00    0.00   99.80
Average:       8    0.00    0.00    0.40    0.00    0.00    0.00    0.00    0.00    0.00   99.60
Average:       9    0.80    0.00    0.20    0.00    0.00    0.00    0.00    0.00    0.00   99.00
Average:      10    0.20    0.00    0.00    0.00    0.00    0.00    0.00    0.00    0.00   99.80
Average:      11    0.00    0.00    0.00    0.00    0.00    0.00    0.00    0.00    0.00  100.00
