Linux 5.14.0-611.34.1.el9_7.x86_64 (benchmark-server) 	08/29/26 	_x86_64_	(12 CPU)

04:12:52     CPU    %usr   %nice    %sys %iowait    %irq   %soft  %steal  %guest  %gnice   %idle
04:12:53     all    0.08    0.00    0.17    0.00    0.08    0.00    0.00    0.00    0.00   99.67
04:12:53       0    0.00    0.00    1.00    0.00    0.00    0.00    0.00    0.00    0.00   99.00
04:12:53       1    0.00    0.00    0.00    0.00    0.00    0.00    0.00    0.00    0.00  100.00
04:12:53       2    0.00    0.00    0.00    0.00    0.00    0.00    0.00    0.00    0.00  100.00
04:12:53       3    0.00    0.00    0.00    0.00    0.00    0.00    0.00    0.00    0.00  100.00
04:12:53       4    0.00    0.00    0.00    0.00    0.00    0.00    0.00    0.00    0.00  100.00
04:12:53       5    0.00    0.00    0.99    0.00    0.00    0.00    0.00    0.00    0.00   99.01
04:12:53       6    0.00    0.00    0.00    0.00    0.00    0.00    0.00    0.00    0.00  100.00
04:12:53       7    0.00    0.00    0.00    0.00    0.00    0.00    0.00    0.00    0.00  100.00
04:12:53       8    0.00    0.00    0.00    0.00    0.99    0.00    0.00    0.00    0.00   99.01
04:12:53       9    0.99    0.00    0.00    0.00    0.00    0.00    0.00    0.00    0.00   99.01
04:12:53      10    0.00    0.00    0.00    0.00    0.00    0.00    0.00    0.00    0.00  100.00
04:12:53      11    0.00    0.00    0.00    0.00    0.00    0.00    0.00    0.00    0.00  100.00

04:12:53     CPU    %usr   %nice    %sys %iowait    %irq   %soft  %steal  %guest  %gnice   %idle
04:12:54     all    1.83    0.00    0.33    0.00    0.00    0.00    0.00    0.00    0.00   97.84
04:12:54       0    1.00    0.00    1.00    0.00    0.00    0.00    0.00    0.00    0.00   98.00
04:12:54       1    0.00    0.00    2.00    0.00    0.00    0.00    0.00    0.00    0.00   98.00
04:12:54       2    0.00    0.00    0.00    0.00    0.00    0.00    0.00    0.00    0.00  100.00
04:12:54       3    2.00    0.00    0.00    0.00    0.00    0.00    0.00    0.00    0.00   98.00
04:12:54       4    5.94    0.00    0.00    0.00    0.00    0.00    0.00    0.00    0.00   94.06
04:12:54       5    4.04    0.00    0.00    0.00    0.00    0.00    0.00    0.00    0.00   95.96
04:12:54       6    0.00    0.00    0.00    0.00    0.00    0.00    0.00    0.00    0.00  100.00
04:12:54       7    0.00    0.00    0.00    0.00    0.00    0.00    0.00    0.00    0.00  100.00
04:12:54       8    0.99    0.00    0.00    0.00    0.00    0.00    0.00    0.00    0.00   99.01
04:12:54       9    0.00    0.00    1.00    0.00    0.00    0.00    0.00    0.00    0.00   99.00
04:12:54      10    6.00    0.00    0.00    0.00    0.00    0.00    0.00    0.00    0.00   94.00
04:12:54      11    2.00    0.00    0.00    0.00    0.00    0.00    0.00    0.00    0.00   98.00

04:12:54     CPU    %usr   %nice    %sys %iowait    %irq   %soft  %steal  %guest  %gnice   %idle
04:12:55     all    0.00    0.00    0.17    0.00    0.00    0.00    0.00    0.00    0.00   99.83
04:12:55       0    0.00    0.00    1.01    0.00    0.00    0.00    0.00    0.00    0.00   98.99
04:12:55       1    0.00    0.00    0.00    0.00    0.00    0.00    0.00    0.00    0.00  100.00
04:12:55       2    0.00    0.00    0.00    0.00    0.00    0.00    0.00    0.00    0.00  100.00
04:12:55       3    0.00    0.00    0.00    0.00    0.00    0.00    0.00    0.00    0.00  100.00
04:12:55       4    0.00    0.00    0.00    0.00    0.00    0.00    0.00    0.00    0.00  100.00
04:12:55       5    0.00    0.00    0.99    0.00    0.00    0.00    0.00    0.00    0.00   99.01
04:12:55       6    0.00    0.00    0.00    0.00    0.00    0.00    0.00    0.00    0.00  100.00
04:12:55       7    0.00    0.00    0.00    0.00    0.00    0.00    0.00    0.00    0.00  100.00
04:12:55       8    0.00    0.00    0.00    0.00    0.00    0.00    0.00    0.00    0.00  100.00
04:12:55       9    0.00    0.00    0.00    0.00    0.00    0.00    0.00    0.00    0.00  100.00
04:12:55      10    0.00    0.00    0.00    0.00    0.00    0.00    0.00    0.00    0.00  100.00
04:12:55      11    0.00    0.00    0.00    0.00    0.00    0.00    0.00    0.00    0.00  100.00

04:12:55     CPU    %usr   %nice    %sys %iowait    %irq   %soft  %steal  %guest  %gnice   %idle
04:12:56     all    0.17    0.00    0.08    0.00    0.00    0.00    0.00    0.00    0.00   99.75
04:12:56       0    0.99    0.00    0.99    0.00    0.00    0.00    0.00    0.00    0.00   98.02
04:12:56       1    0.00    0.00    0.00    0.00    0.00    0.00    0.00    0.00    0.00  100.00
04:12:56       2    0.00    0.00    0.00    0.00    0.00    0.00    0.00    0.00    0.00  100.00
04:12:56       3    0.00    0.00    0.00    0.00    0.00    0.00    0.00    0.00    0.00  100.00
04:12:56       4    0.00    0.00    0.00    0.00    0.00    0.00    0.00    0.00    0.00  100.00
04:12:56       5    1.00    0.00    0.00    0.00    0.00    0.00    0.00    0.00    0.00   99.00
04:12:56       6    0.00    0.00    0.00    0.00    0.00    0.00    0.00    0.00    0.00  100.00
04:12:56       7    0.00    0.00    0.00    0.00    0.00    0.00    0.00    0.00    0.00  100.00
04:12:56       8    0.00    0.00    0.00    0.00    0.00    0.00    0.00    0.00    0.00  100.00
04:12:56       9    0.00    0.00    0.00    0.00    0.00    0.00    0.00    0.00    0.00  100.00
04:12:56      10    0.00    0.00    0.00    0.00    0.00    0.00    0.00    0.00    0.00  100.00
04:12:56      11    0.00    0.00    0.00    0.00    0.00    0.00    0.00    0.00    0.00  100.00

04:12:56     CPU    %usr   %nice    %sys %iowait    %irq   %soft  %steal  %guest  %gnice   %idle
04:12:57     all    0.00    0.00    0.08    0.00    0.08    0.08    0.00    0.00    0.00   99.75
04:12:57       0    0.00    0.00    0.00    0.00    0.00    0.00    0.00    0.00    0.00  100.00
04:12:57       1    0.00    0.00    0.00    0.00    0.00    0.00    0.00    0.00    0.00  100.00
04:12:57       2    0.00    0.00    0.00    0.00    0.00    0.00    0.00    0.00    0.00  100.00
04:12:57       3    0.00    0.00    0.00    0.00    0.00    0.00    0.00    0.00    0.00  100.00
04:12:57       4    0.00    0.00    0.00    0.00    0.00    0.00    0.00    0.00    0.00  100.00
04:12:57       5    0.00    0.00    0.00    0.00    0.99    0.00    0.00    0.00    0.00   99.01
04:12:57       6    0.00    0.00    0.99    0.00    0.00    0.99    0.00    0.00    0.00   98.02
04:12:57       7    0.00    0.00    0.00    0.00    0.00    0.00    0.00    0.00    0.00  100.00
04:12:57       8    0.00    0.00    0.00    0.00    0.00    0.00    0.00    0.00    0.00  100.00
04:12:57       9    0.00    0.00    0.00    0.00    0.00    0.00    0.00    0.00    0.00  100.00
04:12:57      10    0.00    0.00    0.00    0.00    0.00    0.00    0.00    0.00    0.00  100.00
04:12:57      11    0.00    0.00    0.00    0.00    0.00    0.00    0.00    0.00    0.00  100.00

Average:     CPU    %usr   %nice    %sys %iowait    %irq   %soft  %steal  %guest  %gnice   %idle
Average:     all    0.42    0.00    0.17    0.00    0.03    0.02    0.00    0.00    0.00   99.37
Average:       0    0.40    0.00    0.80    0.00    0.00    0.00    0.00    0.00    0.00   98.80
Average:       1    0.00    0.00    0.40    0.00    0.00    0.00    0.00    0.00    0.00   99.60
Average:       2    0.00    0.00    0.00    0.00    0.00    0.00    0.00    0.00    0.00  100.00
Average:       3    0.40    0.00    0.00    0.00    0.00    0.00    0.00    0.00    0.00   99.60
Average:       4    1.20    0.00    0.00    0.00    0.00    0.00    0.00    0.00    0.00   98.80
Average:       5    1.00    0.00    0.40    0.00    0.20    0.00    0.00    0.00    0.00   98.41
Average:       6    0.00    0.00    0.20    0.00    0.00    0.20    0.00    0.00    0.00   99.60
Average:       7    0.00    0.00    0.00    0.00    0.00    0.00    0.00    0.00    0.00  100.00
Average:       8    0.20    0.00    0.00    0.00    0.20    0.00    0.00    0.00    0.00   99.60
Average:       9    0.20    0.00    0.20    0.00    0.00    0.00    0.00    0.00    0.00   99.60
Average:      10    1.20    0.00    0.00    0.00    0.00    0.00    0.00    0.00    0.00   98.80
Average:      11    0.40    0.00    0.00    0.00    0.00    0.00    0.00    0.00    0.00   99.60
