Linux 5.14.0-611.34.1.el9_7.x86_64 (benchmark-server) 	08/29/26 	_x86_64_	(12 CPU)

04:36:13     CPU    %usr   %nice    %sys %iowait    %irq   %soft  %steal  %guest  %gnice   %idle
04:36:14     all    0.08    0.00    0.08    0.00    0.00    0.00    0.00    0.00    0.00   99.83
04:36:14       0    0.00    0.00    0.00    0.00    0.00    0.00    0.00    0.00    0.00  100.00
04:36:14       1    0.00    0.00    0.00    0.00    0.00    0.00    0.00    0.00    0.00  100.00
04:36:14       2    0.00    0.00    0.00    0.00    0.00    0.00    0.00    0.00    0.00  100.00
04:36:14       3    0.00    0.00    0.00    0.00    0.00    0.00    0.00    0.00    0.00  100.00
04:36:14       4    0.99    0.00    0.00    0.00    0.00    0.00    0.00    0.00    0.00   99.01
04:36:14       5    0.00    0.00    0.00    0.00    0.00    0.00    0.00    0.00    0.00  100.00
04:36:14       6    0.00    0.00    0.00    0.00    0.00    0.00    0.00    0.00    0.00  100.00
04:36:14       7    0.00    0.00    0.00    0.00    0.00    0.00    0.00    0.00    0.00  100.00
04:36:14       8    0.00    0.00    0.00    0.00    0.00    0.00    0.00    0.00    0.00  100.00
04:36:14       9    0.00    0.00    0.00    0.00    0.00    0.00    0.00    0.00    0.00  100.00
04:36:14      10    0.00    0.00    0.00    0.00    0.00    0.00    0.00    0.00    0.00  100.00
04:36:14      11    0.00    0.00    1.00    0.00    0.00    0.00    0.00    0.00    0.00   99.00

04:36:14     CPU    %usr   %nice    %sys %iowait    %irq   %soft  %steal  %guest  %gnice   %idle
04:36:15     all    0.08    0.00    0.08    0.00    0.00    0.08    0.00    0.00    0.00   99.75
04:36:15       0    0.00    0.00    0.00    0.00    0.00    0.00    0.00    0.00    0.00  100.00
04:36:15       1    0.00    0.00    0.00    0.00    0.00    0.00    0.00    0.00    0.00  100.00
04:36:15       2    0.00    0.00    0.00    0.00    0.00    0.00    0.00    0.00    0.00  100.00
04:36:15       3    0.00    0.00    0.00    0.00    0.00    0.00    0.00    0.00    0.00  100.00
04:36:15       4    0.00    0.00    0.00    0.00    0.00    0.00    0.00    0.00    0.00  100.00
04:36:15       5    0.00    0.00    0.00    0.00    0.00    0.00    0.00    0.00    0.00  100.00
04:36:15       6    0.00    0.00    0.00    0.00    0.00    0.00    0.00    0.00    0.00  100.00
04:36:15       7    0.00    0.00    0.00    0.00    0.00    0.00    0.00    0.00    0.00  100.00
04:36:15       8    0.00    0.00    0.00    0.00    0.00    0.00    0.00    0.00    0.00  100.00
04:36:15       9    0.99    0.00    0.00    0.00    0.00    0.99    0.00    0.00    0.00   98.02
04:36:15      10    0.00    0.00    0.00    0.00    0.00    0.00    0.00    0.00    0.00  100.00
04:36:15      11    0.00    0.00    1.00    0.00    0.00    0.00    0.00    0.00    0.00   99.00

04:36:15     CPU    %usr   %nice    %sys %iowait    %irq   %soft  %steal  %guest  %gnice   %idle
04:36:16     all    0.17    0.00    0.17    0.00    0.00    0.08    0.00    0.00    0.00   99.58
04:36:16       0    0.00    0.00    0.00    0.00    0.00    0.00    0.00    0.00    0.00  100.00
04:36:16       1    0.00    0.00    0.00    0.00    0.00    0.00    0.00    0.00    0.00  100.00
04:36:16       2    0.00    0.00    0.00    0.00    0.00    0.00    0.00    0.00    0.00  100.00
04:36:16       3    0.00    0.00    0.00    0.00    0.00    0.00    0.00    0.00    0.00  100.00
04:36:16       4    0.99    0.00    0.99    0.00    0.00    0.00    0.00    0.00    0.00   98.02
04:36:16       5    0.00    0.00    0.00    0.00    0.00    0.00    0.00    0.00    0.00  100.00
04:36:16       6    0.99    0.00    0.00    0.00    0.00    0.00    0.00    0.00    0.00   99.01
04:36:16       7    0.00    0.00    1.00    0.00    0.00    1.00    0.00    0.00    0.00   98.00
04:36:16       8    0.00    0.00    0.00    0.00    0.00    0.00    0.00    0.00    0.00  100.00
04:36:16       9    0.00    0.00    0.00    0.00    0.00    0.00    0.00    0.00    0.00  100.00
04:36:16      10    0.00    0.00    0.00    0.00    0.00    0.00    0.00    0.00    0.00  100.00
04:36:16      11    0.00    0.00    0.00    0.00    0.00    0.00    0.00    0.00    0.00  100.00

04:36:16     CPU    %usr   %nice    %sys %iowait    %irq   %soft  %steal  %guest  %gnice   %idle
04:36:17     all    0.00    0.00    0.08    0.00    0.00    0.00    0.00    0.00    0.00   99.92
04:36:17       0    0.00    0.00    1.01    0.00    0.00    0.00    0.00    0.00    0.00   98.99
04:36:17       1    0.00    0.00    0.00    0.00    0.00    0.00    0.00    0.00    0.00  100.00
04:36:17       2    0.00    0.00    0.00    0.00    0.00    0.00    0.00    0.00    0.00  100.00
04:36:17       3    0.00    0.00    0.00    0.00    0.00    0.00    0.00    0.00    0.00  100.00
04:36:17       4    0.00    0.00    0.00    0.00    0.00    0.00    0.00    0.00    0.00  100.00
04:36:17       5    0.00    0.00    0.00    0.00    0.00    0.00    0.00    0.00    0.00  100.00
04:36:17       6    0.00    0.00    0.00    0.00    0.00    0.00    0.00    0.00    0.00  100.00
04:36:17       7    0.00    0.00    0.00    0.00    0.00    0.00    0.00    0.00    0.00  100.00
04:36:17       8    0.00    0.00    0.00    0.00    0.00    0.00    0.00    0.00    0.00  100.00
04:36:17       9    0.00    0.00    0.00    0.00    0.00    0.00    0.00    0.00    0.00  100.00
04:36:17      10    0.00    0.00    0.00    0.00    0.00    0.00    0.00    0.00    0.00  100.00
04:36:17      11    0.00    0.00    0.00    0.00    0.00    0.00    0.00    0.00    0.00  100.00

04:36:17     CPU    %usr   %nice    %sys %iowait    %irq   %soft  %steal  %guest  %gnice   %idle
04:36:18     all    0.25    0.00    0.17    0.00    0.00    0.00    0.00    0.00    0.00   99.58
04:36:18       0    0.00    0.00    0.00    0.00    0.00    0.00    0.00    0.00    0.00  100.00
04:36:18       1    0.00    0.00    0.00    0.00    0.00    0.00    0.00    0.00    0.00  100.00
04:36:18       2    0.00    0.00    0.00    0.00    0.00    0.00    0.00    0.00    0.00  100.00
04:36:18       3    0.00    0.00    0.00    0.00    0.00    0.00    0.00    0.00    0.00  100.00
04:36:18       4    0.00    0.00    1.00    0.00    0.00    0.00    0.00    0.00    0.00   99.00
04:36:18       5    0.00    0.00    0.00    0.00    0.00    0.00    0.00    0.00    0.00  100.00
04:36:18       6    0.00    0.00    0.00    0.00    0.00    0.00    0.00    0.00    0.00  100.00
04:36:18       7    0.99    0.00    0.00    0.00    0.00    0.00    0.00    0.00    0.00   99.01
04:36:18       8    0.00    0.00    0.00    0.00    0.00    0.00    0.00    0.00    0.00  100.00
04:36:18       9    0.00    0.00    0.00    0.00    0.00    0.00    0.00    0.00    0.00  100.00
04:36:18      10    0.99    0.00    0.00    0.00    0.00    0.00    0.00    0.00    0.00   99.01
04:36:18      11    0.99    0.00    0.99    0.00    0.00    0.00    0.00    0.00    0.00   98.02

Average:     CPU    %usr   %nice    %sys %iowait    %irq   %soft  %steal  %guest  %gnice   %idle
Average:     all    0.12    0.00    0.12    0.00    0.00    0.03    0.00    0.00    0.00   99.73
Average:       0    0.00    0.00    0.20    0.00    0.00    0.00    0.00    0.00    0.00   99.80
Average:       1    0.00    0.00    0.00    0.00    0.00    0.00    0.00    0.00    0.00  100.00
Average:       2    0.00    0.00    0.00    0.00    0.00    0.00    0.00    0.00    0.00  100.00
Average:       3    0.00    0.00    0.00    0.00    0.00    0.00    0.00    0.00    0.00  100.00
Average:       4    0.40    0.00    0.40    0.00    0.00    0.00    0.00    0.00    0.00   99.20
Average:       5    0.00    0.00    0.00    0.00    0.00    0.00    0.00    0.00    0.00  100.00
Average:       6    0.20    0.00    0.00    0.00    0.00    0.00    0.00    0.00    0.00   99.80
Average:       7    0.20    0.00    0.20    0.00    0.00    0.20    0.00    0.00    0.00   99.40
Average:       8    0.00    0.00    0.00    0.00    0.00    0.00    0.00    0.00    0.00  100.00
Average:       9    0.20    0.00    0.00    0.00    0.00    0.20    0.00    0.00    0.00   99.60
Average:      10    0.20    0.00    0.00    0.00    0.00    0.00    0.00    0.00    0.00   99.80
Average:      11    0.20    0.00    0.60    0.00    0.00    0.00    0.00    0.00    0.00   99.20
