Linux 5.14.0-611.34.1.el9_7.x86_64 (benchmark-server) 	08/29/26 	_x86_64_	(12 CPU)

04:42:17     CPU    %usr   %nice    %sys %iowait    %irq   %soft  %steal  %guest  %gnice   %idle
04:42:18     all    0.00    0.00    0.17    0.00    0.00    0.00    0.00    0.00    0.00   99.83
04:42:18       0    0.00    0.00    0.99    0.00    0.00    0.00    0.00    0.00    0.00   99.01
04:42:18       1    0.00    0.00    0.00    0.00    0.00    0.00    0.00    0.00    0.00  100.00
04:42:18       2    0.00    0.00    0.00    0.00    0.00    0.00    0.00    0.00    0.00  100.00
04:42:18       3    0.00    0.00    0.00    0.00    0.00    0.00    0.00    0.00    0.00  100.00
04:42:18       4    0.00    0.00    0.00    0.00    0.00    0.00    0.00    0.00    0.00  100.00
04:42:18       5    0.00    0.00    0.00    0.00    0.00    0.00    0.00    0.00    0.00  100.00
04:42:18       6    0.00    0.00    0.00    0.00    0.00    0.00    0.00    0.00    0.00  100.00
04:42:18       7    0.00    0.00    0.00    0.00    0.00    0.00    0.00    0.00    0.00  100.00
04:42:18       8    0.00    0.00    0.00    0.00    0.00    0.00    0.00    0.00    0.00  100.00
04:42:18       9    0.00    0.00    1.01    0.00    0.00    0.00    0.00    0.00    0.00   98.99
04:42:18      10    0.00    0.00    0.00    0.00    0.00    0.00    0.00    0.00    0.00  100.00
04:42:18      11    0.00    0.00    0.00    0.00    0.00    0.00    0.00    0.00    0.00  100.00

04:42:18     CPU    %usr   %nice    %sys %iowait    %irq   %soft  %steal  %guest  %gnice   %idle
04:42:19     all    0.17    0.00    0.17    0.00    0.00    0.00    0.00    0.00    0.00   99.67
04:42:19       0    0.99    0.00    0.99    0.00    0.00    0.00    0.00    0.00    0.00   98.02
04:42:19       1    0.00    0.00    0.00    0.00    0.00    0.00    0.00    0.00    0.00  100.00
04:42:19       2    0.00    0.00    1.00    0.00    0.00    0.00    0.00    0.00    0.00   99.00
04:42:19       3    0.00    0.00    0.00    0.00    0.00    0.00    0.00    0.00    0.00  100.00
04:42:19       4    0.00    0.00    0.00    0.00    0.00    0.00    0.00    0.00    0.00  100.00
04:42:19       5    0.00    0.00    0.00    0.00    0.00    0.00    0.00    0.00    0.00  100.00
04:42:19       6    0.99    0.00    0.00    0.00    0.00    0.00    0.00    0.00    0.00   99.01
04:42:19       7    0.00    0.00    0.00    0.00    0.00    0.00    0.00    0.00    0.00  100.00
04:42:19       8    0.00    0.00    0.00    0.00    0.00    0.00    0.00    0.00    0.00  100.00
04:42:19       9    0.00    0.00    0.00    0.00    0.00    0.00    0.00    0.00    0.00  100.00
04:42:19      10    0.00    0.00    0.00    0.00    0.00    0.00    0.00    0.00    0.00  100.00
04:42:19      11    0.00    0.00    0.00    0.00    0.00    0.00    0.00    0.00    0.00  100.00

04:42:19     CPU    %usr   %nice    %sys %iowait    %irq   %soft  %steal  %guest  %gnice   %idle
04:42:20     all    0.08    0.00    0.17    0.00    0.00    0.08    0.00    0.00    0.00   99.67
04:42:20       0    0.00    0.00    0.00    0.00    0.00    0.00    0.00    0.00    0.00  100.00
04:42:20       1    0.00    0.00    0.00    0.00    0.00    0.00    0.00    0.00    0.00  100.00
04:42:20       2    0.00    0.00    0.00    0.00    0.00    0.00    0.00    0.00    0.00  100.00
04:42:20       3    0.00    0.00    1.00    0.00    0.00    0.00    0.00    0.00    0.00   99.00
04:42:20       4    0.00    0.00    0.00    0.00    0.00    0.00    0.00    0.00    0.00  100.00
04:42:20       5    0.00    0.00    0.00    0.00    0.00    0.00    0.00    0.00    0.00  100.00
04:42:20       6    0.00    0.00    0.00    0.00    0.00    1.00    0.00    0.00    0.00   99.00
04:42:20       7    0.00    0.00    0.00    0.00    0.00    0.00    0.00    0.00    0.00  100.00
04:42:20       8    0.99    0.00    0.00    0.00    0.00    0.00    0.00    0.00    0.00   99.01
04:42:20       9    0.00    0.00    1.00    0.00    0.00    0.00    0.00    0.00    0.00   99.00
04:42:20      10    0.00    0.00    0.00    0.00    0.00    0.00    0.00    0.00    0.00  100.00
04:42:20      11    0.00    0.00    0.00    0.00    0.00    0.00    0.00    0.00    0.00  100.00

04:42:20     CPU    %usr   %nice    %sys %iowait    %irq   %soft  %steal  %guest  %gnice   %idle
04:42:21     all    0.66    0.00    0.25    0.00    0.00    0.08    0.00    0.00    0.00   99.00
04:42:21       0    0.00    0.00    0.00    0.00    0.00    0.00    0.00    0.00    0.00  100.00
04:42:21       1    0.00    0.00    0.00    0.00    0.00    0.00    0.00    0.00    0.00  100.00
04:42:21       2    0.99    0.00    0.99    0.00    0.00    0.00    0.00    0.00    0.00   98.02
04:42:21       3    0.99    0.00    0.00    0.00    0.00    0.00    0.00    0.00    0.00   99.01
04:42:21       4    0.00    0.00    0.00    0.00    0.00    0.00    0.00    0.00    0.00  100.00
04:42:21       5    0.99    0.00    0.00    0.00    0.00    0.00    0.00    0.00    0.00   99.01
04:42:21       6    0.00    0.00    0.00    0.00    0.00    0.00    0.00    0.00    0.00  100.00
04:42:21       7    0.99    0.00    0.00    0.00    0.00    0.00    0.00    0.00    0.00   99.01
04:42:21       8    0.00    0.00    0.00    0.00    0.00    0.00    0.00    0.00    0.00  100.00
04:42:21       9    3.92    0.00    1.96    0.00    0.00    0.98    0.00    0.00    0.00   93.14
04:42:21      10    0.00    0.00    0.00    0.00    0.00    0.00    0.00    0.00    0.00  100.00
04:42:21      11    0.00    0.00    0.00    0.00    0.00    0.00    0.00    0.00    0.00  100.00

04:42:21     CPU    %usr   %nice    %sys %iowait    %irq   %soft  %steal  %guest  %gnice   %idle
04:42:22     all    0.17    0.00    0.25    0.08    0.00    0.00    0.00    0.00    0.00   99.50
04:42:22       0    0.00    0.00    0.99    0.00    0.00    0.00    0.00    0.00    0.00   99.01
04:42:22       1    0.00    0.00    0.00    0.00    0.00    0.00    0.00    0.00    0.00  100.00
04:42:22       2    1.01    0.00    0.00    0.00    0.00    0.00    0.00    0.00    0.00   98.99
04:42:22       3    0.00    0.00    0.00    0.00    0.00    0.00    0.00    0.00    0.00  100.00
04:42:22       4    0.00    0.00    0.00    0.00    0.00    0.00    0.00    0.00    0.00  100.00
04:42:22       5    0.00    0.00    0.00    0.00    0.00    0.00    0.00    0.00    0.00  100.00
04:42:22       6    0.00    0.00    0.99    0.00    0.00    0.00    0.00    0.00    0.00   99.01
04:42:22       7    0.00    0.00    0.00    0.00    0.00    0.00    0.00    0.00    0.00  100.00
04:42:22       8    0.00    0.00    0.00    1.00    0.00    0.00    0.00    0.00    0.00   99.00
04:42:22       9    1.01    0.00    1.01    0.00    0.00    0.00    0.00    0.00    0.00   97.98
04:42:22      10    0.00    0.00    0.00    0.00    0.00    0.00    0.00    0.00    0.00  100.00
04:42:22      11    0.00    0.00    0.00    0.00    0.00    0.00    0.00    0.00    0.00  100.00

Average:     CPU    %usr   %nice    %sys %iowait    %irq   %soft  %steal  %guest  %gnice   %idle
Average:     all    0.22    0.00    0.20    0.02    0.00    0.03    0.00    0.00    0.00   99.53
Average:       0    0.20    0.00    0.60    0.00    0.00    0.00    0.00    0.00    0.00   99.20
Average:       1    0.00    0.00    0.00    0.00    0.00    0.00    0.00    0.00    0.00  100.00
Average:       2    0.40    0.00    0.40    0.00    0.00    0.00    0.00    0.00    0.00   99.20
Average:       3    0.20    0.00    0.20    0.00    0.00    0.00    0.00    0.00    0.00   99.60
Average:       4    0.00    0.00    0.00    0.00    0.00    0.00    0.00    0.00    0.00  100.00
Average:       5    0.20    0.00    0.00    0.00    0.00    0.00    0.00    0.00    0.00   99.80
Average:       6    0.20    0.00    0.20    0.00    0.00    0.20    0.00    0.00    0.00   99.40
Average:       7    0.20    0.00    0.00    0.00    0.00    0.00    0.00    0.00    0.00   99.80
Average:       8    0.20    0.00    0.00    0.20    0.00    0.00    0.00    0.00    0.00   99.60
Average:       9    1.00    0.00    1.00    0.00    0.00    0.20    0.00    0.00    0.00   97.80
Average:      10    0.00    0.00    0.00    0.00    0.00    0.00    0.00    0.00    0.00  100.00
Average:      11    0.00    0.00    0.00    0.00    0.00    0.00    0.00    0.00    0.00  100.00
