Linux 5.14.0-611.34.1.el9_7.x86_64 (benchmark-server) 	08/29/26 	_x86_64_	(12 CPU)

04:14:00     CPU    %usr   %nice    %sys %iowait    %irq   %soft  %steal  %guest  %gnice   %idle
04:14:01     all    0.08    0.00    0.08    0.00    0.00    0.00    0.00    0.00    0.00   99.83
04:14:01       0    0.00    0.00    1.00    0.00    0.00    0.00    0.00    0.00    0.00   99.00
04:14:01       1    0.00    0.00    0.00    0.00    0.00    0.00    0.00    0.00    0.00  100.00
04:14:01       2    0.00    0.00    0.00    0.00    0.00    0.00    0.00    0.00    0.00  100.00
04:14:01       3    0.00    0.00    0.00    0.00    0.00    0.00    0.00    0.00    0.00  100.00
04:14:01       4    0.00    0.00    0.00    0.00    0.00    0.00    0.00    0.00    0.00  100.00
04:14:01       5    0.99    0.00    0.00    0.00    0.00    0.00    0.00    0.00    0.00   99.01
04:14:01       6    0.00    0.00    0.00    0.00    0.00    0.00    0.00    0.00    0.00  100.00
04:14:01       7    0.00    0.00    0.00    0.00    0.00    0.00    0.00    0.00    0.00  100.00
04:14:01       8    0.00    0.00    0.00    0.00    0.00    0.00    0.00    0.00    0.00  100.00
04:14:01       9    0.00    0.00    0.00    0.00    0.00    0.00    0.00    0.00    0.00  100.00
04:14:01      10    0.00    0.00    0.00    0.00    0.00    0.00    0.00    0.00    0.00  100.00
04:14:01      11    0.00    0.00    0.00    0.00    0.00    0.00    0.00    0.00    0.00  100.00

04:14:01     CPU    %usr   %nice    %sys %iowait    %irq   %soft  %steal  %guest  %gnice   %idle
04:14:02     all    2.34    0.00    1.17    0.00    0.00    0.00    0.00    0.00    0.00   96.49
04:14:02       0    0.99    0.00    1.98    0.00    0.00    0.00    0.00    0.00    0.00   97.03
04:14:02       1    2.00    0.00    2.00    0.00    0.00    0.00    0.00    0.00    0.00   96.00
04:14:02       2    0.00    0.00    0.00    0.00    0.00    0.00    0.00    0.00    0.00  100.00
04:14:02       3    0.00    0.00    0.00    0.00    0.00    0.00    0.00    0.00    0.00  100.00
04:14:02       4    0.00    0.00    0.00    0.00    0.00    0.00    0.00    0.00    0.00  100.00
04:14:02       5    1.01    0.00    2.02    0.00    0.00    0.00    0.00    0.00    0.00   96.97
04:14:02       6    0.99    0.00    0.99    0.00    0.00    0.00    0.00    0.00    0.00   98.02
04:14:02       7    3.03    0.00    0.00    0.00    0.00    0.00    0.00    0.00    0.00   96.97
04:14:02       8    1.00    0.00    0.00    0.00    0.00    0.00    0.00    0.00    0.00   99.00
04:14:02       9    0.00    0.00    1.01    0.00    0.00    0.00    0.00    0.00    0.00   98.99
04:14:02      10    9.09    0.00    3.03    0.00    0.00    0.00    0.00    0.00    0.00   87.88
04:14:02      11   10.00    0.00    3.00    0.00    0.00    0.00    0.00    0.00    0.00   87.00

04:14:02     CPU    %usr   %nice    %sys %iowait    %irq   %soft  %steal  %guest  %gnice   %idle
04:14:03     all    0.33    0.00    0.08    0.00    0.00    0.00    0.00    0.00    0.00   99.58
04:14:03       0    0.00    0.00    0.00    0.00    0.00    0.00    0.00    0.00    0.00  100.00
04:14:03       1    0.00    0.00    0.00    0.00    0.00    0.00    0.00    0.00    0.00  100.00
04:14:03       2    0.00    0.00    0.00    0.00    0.00    0.00    0.00    0.00    0.00  100.00
04:14:03       3    0.00    0.00    0.00    0.00    0.00    0.00    0.00    0.00    0.00  100.00
04:14:03       4    0.00    0.00    0.00    0.00    0.00    0.00    0.00    0.00    0.00  100.00
04:14:03       5    1.98    0.00    0.00    0.00    0.00    0.00    0.00    0.00    0.00   98.02
04:14:03       6    0.00    0.00    0.00    0.00    0.00    0.00    0.00    0.00    0.00  100.00
04:14:03       7    0.00    0.00    1.01    0.00    0.00    0.00    0.00    0.00    0.00   98.99
04:14:03       8    0.00    0.00    0.00    0.00    0.00    0.00    0.00    0.00    0.00  100.00
04:14:03       9    0.99    0.00    0.00    0.00    0.00    0.00    0.00    0.00    0.00   99.01
04:14:03      10    0.99    0.00    0.00    0.00    0.00    0.00    0.00    0.00    0.00   99.01
04:14:03      11    0.00    0.00    0.00    0.00    0.00    0.00    0.00    0.00    0.00  100.00

04:14:03     CPU    %usr   %nice    %sys %iowait    %irq   %soft  %steal  %guest  %gnice   %idle
04:14:04     all    0.08    0.00    0.08    0.00    0.00    0.00    0.00    0.00    0.00   99.83
04:14:04       0    0.00    0.00    0.00    0.00    0.00    0.00    0.00    0.00    0.00  100.00
04:14:04       1    0.00    0.00    0.00    0.00    0.00    0.00    0.00    0.00    0.00  100.00
04:14:04       2    0.00    0.00    0.00    0.00    0.00    0.00    0.00    0.00    0.00  100.00
04:14:04       3    0.00    0.00    0.00    0.00    0.00    0.00    0.00    0.00    0.00  100.00
04:14:04       4    0.00    0.00    0.00    0.00    0.00    0.00    0.00    0.00    0.00  100.00
04:14:04       5    0.00    0.00    1.00    0.00    0.00    0.00    0.00    0.00    0.00   99.00
04:14:04       6    0.00    0.00    0.00    0.00    0.00    0.00    0.00    0.00    0.00  100.00
04:14:04       7    0.99    0.00    0.00    0.00    0.00    0.00    0.00    0.00    0.00   99.01
04:14:04       8    0.00    0.00    0.00    0.00    0.00    0.00    0.00    0.00    0.00  100.00
04:14:04       9    0.00    0.00    0.00    0.00    0.00    0.00    0.00    0.00    0.00  100.00
04:14:04      10    0.00    0.00    0.00    0.00    0.00    0.00    0.00    0.00    0.00  100.00
04:14:04      11    0.00    0.00    0.00    0.00    0.00    0.00    0.00    0.00    0.00  100.00

04:14:04     CPU    %usr   %nice    %sys %iowait    %irq   %soft  %steal  %guest  %gnice   %idle
04:14:05     all    0.08    0.00    0.25    0.00    0.00    0.00    0.00    0.00    0.00   99.67
04:14:05       0    0.00    0.00    0.00    0.00    0.00    0.00    0.00    0.00    0.00  100.00
04:14:05       1    0.00    0.00    0.00    0.00    0.00    0.00    0.00    0.00    0.00  100.00
04:14:05       2    0.00    0.00    0.00    0.00    0.00    0.00    0.00    0.00    0.00  100.00
04:14:05       3    0.00    0.00    0.00    0.00    0.00    0.00    0.00    0.00    0.00  100.00
04:14:05       4    0.00    0.00    0.00    0.00    0.00    0.00    0.00    0.00    0.00  100.00
04:14:05       5    1.00    0.00    0.00    0.00    0.00    0.00    0.00    0.00    0.00   99.00
04:14:05       6    0.00    0.00    2.00    0.00    0.00    0.00    0.00    0.00    0.00   98.00
04:14:05       7    0.00    0.00    0.99    0.00    0.00    0.00    0.00    0.00    0.00   99.01
04:14:05       8    0.00    0.00    0.00    0.00    0.00    0.00    0.00    0.00    0.00  100.00
04:14:05       9    0.00    0.00    0.00    0.00    0.00    0.00    0.00    0.00    0.00  100.00
04:14:05      10    0.00    0.00    0.00    0.00    0.00    0.00    0.00    0.00    0.00  100.00
04:14:05      11    0.00    0.00    0.00    0.00    0.00    0.00    0.00    0.00    0.00  100.00

Average:     CPU    %usr   %nice    %sys %iowait    %irq   %soft  %steal  %guest  %gnice   %idle
Average:     all    0.58    0.00    0.33    0.00    0.00    0.00    0.00    0.00    0.00   99.08
Average:       0    0.20    0.00    0.60    0.00    0.00    0.00    0.00    0.00    0.00   99.20
Average:       1    0.40    0.00    0.40    0.00    0.00    0.00    0.00    0.00    0.00   99.20
Average:       2    0.00    0.00    0.00    0.00    0.00    0.00    0.00    0.00    0.00  100.00
Average:       3    0.00    0.00    0.00    0.00    0.00    0.00    0.00    0.00    0.00  100.00
Average:       4    0.00    0.00    0.00    0.00    0.00    0.00    0.00    0.00    0.00  100.00
Average:       5    1.00    0.00    0.60    0.00    0.00    0.00    0.00    0.00    0.00   98.40
Average:       6    0.20    0.00    0.60    0.00    0.00    0.00    0.00    0.00    0.00   99.20
Average:       7    0.80    0.00    0.40    0.00    0.00    0.00    0.00    0.00    0.00   98.80
Average:       8    0.20    0.00    0.00    0.00    0.00    0.00    0.00    0.00    0.00   99.80
Average:       9    0.20    0.00    0.20    0.00    0.00    0.00    0.00    0.00    0.00   99.60
Average:      10    2.00    0.00    0.60    0.00    0.00    0.00    0.00    0.00    0.00   97.39
Average:      11    2.00    0.00    0.60    0.00    0.00    0.00    0.00    0.00    0.00   97.39
