Linux 5.14.0-611.34.1.el9_7.x86_64 (benchmark-server) 	08/29/26 	_x86_64_	(12 CPU)

04:15:08     CPU    %usr   %nice    %sys %iowait    %irq   %soft  %steal  %guest  %gnice   %idle
04:15:09     all    0.08    0.00    0.25    0.00    0.08    0.00    0.00    0.00    0.00   99.58
04:15:09       0    0.98    0.00    0.00    0.00    0.98    0.00    0.00    0.00    0.00   98.04
04:15:09       1    0.00    0.00    1.00    0.00    0.00    0.00    0.00    0.00    0.00   99.00
04:15:09       2    0.00    0.00    0.00    0.00    0.00    0.00    0.00    0.00    0.00  100.00
04:15:09       3    0.00    0.00    0.00    0.00    0.00    0.00    0.00    0.00    0.00  100.00
04:15:09       4    0.00    0.00    0.00    0.00    0.00    0.00    0.00    0.00    0.00  100.00
04:15:09       5    0.00    0.00    0.00    0.00    0.00    0.00    0.00    0.00    0.00  100.00
04:15:09       6    0.00    0.00    0.99    0.00    0.00    0.00    0.00    0.00    0.00   99.01
04:15:09       7    0.00    0.00    0.00    0.00    0.00    0.00    0.00    0.00    0.00  100.00
04:15:09       8    0.00    0.00    0.00    0.00    0.00    0.00    0.00    0.00    0.00  100.00
04:15:09       9    0.00    0.00    0.99    0.00    0.00    0.00    0.00    0.00    0.00   99.01
04:15:09      10    0.00    0.00    0.00    0.00    0.00    0.00    0.00    0.00    0.00  100.00
04:15:09      11    0.00    0.00    0.00    0.00    0.00    0.00    0.00    0.00    0.00  100.00

04:15:09     CPU    %usr   %nice    %sys %iowait    %irq   %soft  %steal  %guest  %gnice   %idle
04:15:10     all    0.25    0.00    0.25    0.00    0.00    0.08    0.00    0.00    0.00   99.42
04:15:10       0    0.00    0.00    0.00    0.00    0.00    0.00    0.00    0.00    0.00  100.00
04:15:10       1    0.00    0.00    1.00    0.00    0.00    0.00    0.00    0.00    0.00   99.00
04:15:10       2    0.00    0.00    0.00    0.00    0.00    0.00    0.00    0.00    0.00  100.00
04:15:10       3    0.00    0.00    0.00    0.00    0.00    0.00    0.00    0.00    0.00  100.00
04:15:10       4    0.00    0.00    0.00    0.00    0.00    0.99    0.00    0.00    0.00   99.01
04:15:10       5    0.00    0.00    0.00    0.00    0.00    0.00    0.00    0.00    0.00  100.00
04:15:10       6    0.00    0.00    0.00    0.00    0.00    0.00    0.00    0.00    0.00  100.00
04:15:10       7    1.98    0.00    0.99    0.00    0.00    0.00    0.00    0.00    0.00   97.03
04:15:10       8    0.00    0.00    1.00    0.00    0.00    0.00    0.00    0.00    0.00   99.00
04:15:10       9    0.00    0.00    0.00    0.00    0.00    0.00    0.00    0.00    0.00  100.00
04:15:10      10    0.99    0.00    0.00    0.00    0.00    0.00    0.00    0.00    0.00   99.01
04:15:10      11    0.00    0.00    0.00    0.00    0.00    0.00    0.00    0.00    0.00  100.00

04:15:10     CPU    %usr   %nice    %sys %iowait    %irq   %soft  %steal  %guest  %gnice   %idle
04:15:11     all    0.17    0.00    0.33    0.00    0.00    0.00    0.00    0.00    0.00   99.50
04:15:11       0    0.00    0.00    1.00    0.00    0.00    0.00    0.00    0.00    0.00   99.00
04:15:11       1    1.00    0.00    1.00    0.00    0.00    0.00    0.00    0.00    0.00   98.00
04:15:11       2    0.00    0.00    0.00    0.00    0.00    0.00    0.00    0.00    0.00  100.00
04:15:11       3    0.00    0.00    0.00    0.00    0.00    0.00    0.00    0.00    0.00  100.00
04:15:11       4    0.00    0.00    0.00    0.00    0.00    0.00    0.00    0.00    0.00  100.00
04:15:11       5    0.00    0.00    0.00    0.00    0.00    0.00    0.00    0.00    0.00  100.00
04:15:11       6    0.00    0.00    0.00    0.00    0.00    0.00    0.00    0.00    0.00  100.00
04:15:11       7    0.00    0.00    0.00    0.00    0.00    0.00    0.00    0.00    0.00  100.00
04:15:11       8    0.00    0.00    0.00    0.00    0.00    0.00    0.00    0.00    0.00  100.00
04:15:11       9    1.00    0.00    1.00    0.00    0.00    0.00    0.00    0.00    0.00   98.00
04:15:11      10    0.00    0.00    0.00    0.00    0.00    0.00    0.00    0.00    0.00  100.00
04:15:11      11    0.00    0.00    1.00    0.00    0.00    0.00    0.00    0.00    0.00   99.00

04:15:11     CPU    %usr   %nice    %sys %iowait    %irq   %soft  %steal  %guest  %gnice   %idle
04:15:12     all    0.17    0.00    0.42    0.00    0.08    0.08    0.00    0.00    0.00   99.25
04:15:12       0    0.00    0.00    1.00    0.00    0.00    0.00    0.00    0.00    0.00   99.00
04:15:12       1    0.00    0.00    1.00    0.00    0.00    0.00    0.00    0.00    0.00   99.00
04:15:12       2    0.00    0.00    0.00    0.00    0.00    0.00    0.00    0.00    0.00  100.00
04:15:12       3    0.00    0.00    1.00    0.00    0.00    0.00    0.00    0.00    0.00   99.00
04:15:12       4    0.00    0.00    0.00    0.00    0.00    0.00    0.00    0.00    0.00  100.00
04:15:12       5    0.00    0.00    0.00    0.00    0.00    0.00    0.00    0.00    0.00  100.00
04:15:12       6    0.00    0.00    0.00    0.00    0.00    0.00    0.00    0.00    0.00  100.00
04:15:12       7    1.98    0.00    0.00    0.00    0.00    0.99    0.00    0.00    0.00   97.03
04:15:12       8    0.00    0.00    1.00    0.00    1.00    0.00    0.00    0.00    0.00   98.00
04:15:12       9    0.00    0.00    0.00    0.00    0.00    0.00    0.00    0.00    0.00  100.00
04:15:12      10    0.00    0.00    1.00    0.00    0.00    0.00    0.00    0.00    0.00   99.00
04:15:12      11    0.00    0.00    0.00    0.00    0.00    0.00    0.00    0.00    0.00  100.00

04:15:12     CPU    %usr   %nice    %sys %iowait    %irq   %soft  %steal  %guest  %gnice   %idle
04:15:13     all    0.33    0.00    0.08    0.00    0.00    0.00    0.00    0.00    0.00   99.58
04:15:13       0    1.00    0.00    0.00    0.00    0.00    0.00    0.00    0.00    0.00   99.00
04:15:13       1    0.00    0.00    0.00    0.00    0.00    0.00    0.00    0.00    0.00  100.00
04:15:13       2    0.00    0.00    0.00    0.00    0.00    0.00    0.00    0.00    0.00  100.00
04:15:13       3    0.00    0.00    0.00    0.00    0.00    0.00    0.00    0.00    0.00  100.00
04:15:13       4    0.00    0.00    0.00    0.00    0.00    0.00    0.00    0.00    0.00  100.00
04:15:13       5    1.00    0.00    0.00    0.00    0.00    0.00    0.00    0.00    0.00   99.00
04:15:13       6    0.00    0.00    0.00    0.00    0.00    0.00    0.00    0.00    0.00  100.00
04:15:13       7    0.00    0.00    0.00    0.00    0.00    0.00    0.00    0.00    0.00  100.00
04:15:13       8    2.00    0.00    1.00    0.00    0.00    0.00    0.00    0.00    0.00   97.00
04:15:13       9    0.00    0.00    0.00    0.00    0.00    0.00    0.00    0.00    0.00  100.00
04:15:13      10    0.00    0.00    0.00    0.00    0.00    0.00    0.00    0.00    0.00  100.00
04:15:13      11    0.00    0.00    0.00    0.00    0.00    0.00    0.00    0.00    0.00  100.00

Average:     CPU    %usr   %nice    %sys %iowait    %irq   %soft  %steal  %guest  %gnice   %idle
Average:     all    0.20    0.00    0.27    0.00    0.03    0.03    0.00    0.00    0.00   99.47
Average:       0    0.40    0.00    0.40    0.00    0.20    0.00    0.00    0.00    0.00   99.00
Average:       1    0.20    0.00    0.80    0.00    0.00    0.00    0.00    0.00    0.00   99.00
Average:       2    0.00    0.00    0.00    0.00    0.00    0.00    0.00    0.00    0.00  100.00
Average:       3    0.00    0.00    0.20    0.00    0.00    0.00    0.00    0.00    0.00   99.80
Average:       4    0.00    0.00    0.00    0.00    0.00    0.20    0.00    0.00    0.00   99.80
Average:       5    0.20    0.00    0.00    0.00    0.00    0.00    0.00    0.00    0.00   99.80
Average:       6    0.00    0.00    0.20    0.00    0.00    0.00    0.00    0.00    0.00   99.80
Average:       7    0.80    0.00    0.20    0.00    0.00    0.20    0.00    0.00    0.00   98.80
Average:       8    0.40    0.00    0.60    0.00    0.20    0.00    0.00    0.00    0.00   98.80
Average:       9    0.20    0.00    0.40    0.00    0.00    0.00    0.00    0.00    0.00   99.40
Average:      10    0.20    0.00    0.20    0.00    0.00    0.00    0.00    0.00    0.00   99.60
Average:      11    0.00    0.00    0.20    0.00    0.00    0.00    0.00    0.00    0.00   99.80
