Linux 5.14.0-611.34.1.el9_7.x86_64 (benchmark-server) 	08/29/26 	_x86_64_	(12 CPU)

04:55:32     CPU    %usr   %nice    %sys %iowait    %irq   %soft  %steal  %guest  %gnice   %idle
04:55:33     all    1.16    0.00    0.33    0.00    0.08    0.00    0.00    0.00    0.00   98.42
04:55:33       0    0.00    0.00    0.00    0.00    0.00    0.00    0.00    0.00    0.00  100.00
04:55:33       1    0.00    0.00    0.00    0.00    0.00    0.00    0.00    0.00    0.00  100.00
04:55:33       2    2.00    0.00    0.00    0.00    0.00    0.00    0.00    0.00    0.00   98.00
04:55:33       3    0.00    0.00    1.00    0.00    0.00    0.00    0.00    0.00    0.00   99.00
04:55:33       4    0.00    0.00    0.00    0.00    0.00    0.00    0.00    0.00    0.00  100.00
04:55:33       5    0.98    0.00    0.98    0.00    0.00    0.00    0.00    0.00    0.00   98.04
04:55:33       6    4.95    0.00    0.99    0.00    0.00    0.00    0.00    0.00    0.00   94.06
04:55:33       7    0.00    0.00    0.00    0.00    0.00    0.00    0.00    0.00    0.00  100.00
04:55:33       8    0.99    0.00    0.00    0.00    0.99    0.00    0.00    0.00    0.00   98.02
04:55:33       9    0.00    0.00    0.00    0.00    0.00    0.00    0.00    0.00    0.00  100.00
04:55:33      10    5.00    0.00    1.00    0.00    0.00    0.00    0.00    0.00    0.00   94.00
04:55:33      11    0.00    0.00    0.00    0.00    0.00    0.00    0.00    0.00    0.00  100.00

04:55:33     CPU    %usr   %nice    %sys %iowait    %irq   %soft  %steal  %guest  %gnice   %idle
04:55:34     all    0.08    0.00    0.17    0.00    0.00    0.00    0.00    0.00    0.00   99.75
04:55:34       0    0.00    0.00    0.00    0.00    0.00    0.00    0.00    0.00    0.00  100.00
04:55:34       1    0.00    0.00    0.00    0.00    0.00    0.00    0.00    0.00    0.00  100.00
04:55:34       2    0.00    0.00    0.00    0.00    0.00    0.00    0.00    0.00    0.00  100.00
04:55:34       3    0.00    0.00    0.00    0.00    0.00    0.00    0.00    0.00    0.00  100.00
04:55:34       4    0.00    0.00    0.00    0.00    0.00    0.00    0.00    0.00    0.00  100.00
04:55:34       5    0.00    0.00    0.00    0.00    0.00    0.00    0.00    0.00    0.00  100.00
04:55:34       6    0.00    0.00    0.00    0.00    0.00    0.00    0.00    0.00    0.00  100.00
04:55:34       7    0.99    0.00    0.00    0.00    0.00    0.00    0.00    0.00    0.00   99.01
04:55:34       8    0.00    0.00    0.00    0.00    0.00    0.00    0.00    0.00    0.00  100.00
04:55:34       9    0.00    0.00    1.98    0.00    0.00    0.00    0.00    0.00    0.00   98.02
04:55:34      10    0.00    0.00    0.00    0.00    0.00    0.00    0.00    0.00    0.00  100.00
04:55:34      11    0.00    0.00    0.00    0.00    0.00    0.00    0.00    0.00    0.00  100.00

04:55:34     CPU    %usr   %nice    %sys %iowait    %irq   %soft  %steal  %guest  %gnice   %idle
04:55:35     all    0.08    0.00    0.08    0.00    0.00    0.00    0.00    0.00    0.00   99.83
04:55:35       0    1.00    0.00    0.00    0.00    0.00    0.00    0.00    0.00    0.00   99.00
04:55:35       1    0.00    0.00    0.00    0.00    0.00    0.00    0.00    0.00    0.00  100.00
04:55:35       2    0.00    0.00    0.99    0.00    0.00    0.00    0.00    0.00    0.00   99.01
04:55:35       3    0.00    0.00    0.00    0.00    0.00    0.00    0.00    0.00    0.00  100.00
04:55:35       4    0.00    0.00    0.00    0.00    0.00    0.00    0.00    0.00    0.00  100.00
04:55:35       5    0.00    0.00    0.00    0.00    0.00    0.00    0.00    0.00    0.00  100.00
04:55:35       6    0.00    0.00    0.00    0.00    0.00    0.00    0.00    0.00    0.00  100.00
04:55:35       7    0.00    0.00    0.00    0.00    0.00    0.00    0.00    0.00    0.00  100.00
04:55:35       8    0.00    0.00    0.00    0.00    0.00    0.00    0.00    0.00    0.00  100.00
04:55:35       9    0.00    0.00    0.00    0.00    0.00    0.00    0.00    0.00    0.00  100.00
04:55:35      10    0.00    0.00    0.00    0.00    0.00    0.00    0.00    0.00    0.00  100.00
04:55:35      11    0.00    0.00    0.00    0.00    0.00    0.00    0.00    0.00    0.00  100.00

04:55:35     CPU    %usr   %nice    %sys %iowait    %irq   %soft  %steal  %guest  %gnice   %idle
04:55:36     all    0.50    0.00    0.25    0.00    0.00    0.00    0.00    0.00    0.00   99.25
04:55:36       0    0.00    0.00    0.00    0.00    0.00    0.00    0.00    0.00    0.00  100.00
04:55:36       1    0.00    0.00    0.00    0.00    0.00    0.00    0.00    0.00    0.00  100.00
04:55:36       2    0.00    0.00    0.00    0.00    0.00    0.00    0.00    0.00    0.00  100.00
04:55:36       3    0.99    0.00    0.99    0.00    0.00    0.00    0.00    0.00    0.00   98.02
04:55:36       4    2.97    0.00    0.99    0.00    0.00    0.00    0.00    0.00    0.00   96.04
04:55:36       5    0.00    0.00    0.00    0.00    0.00    0.00    0.00    0.00    0.00  100.00
04:55:36       6    0.00    0.00    0.00    0.00    0.00    0.00    0.00    0.00    0.00  100.00
04:55:36       7    0.00    0.00    0.00    0.00    0.00    0.00    0.00    0.00    0.00  100.00
04:55:36       8    0.00    0.00    0.00    0.00    0.00    0.00    0.00    0.00    0.00  100.00
04:55:36       9    0.98    0.00    0.98    0.00    0.00    0.00    0.00    0.00    0.00   98.04
04:55:36      10    1.01    0.00    0.00    0.00    0.00    0.00    0.00    0.00    0.00   98.99
04:55:36      11    0.00    0.00    0.00    0.00    0.00    0.00    0.00    0.00    0.00  100.00

04:55:36     CPU    %usr   %nice    %sys %iowait    %irq   %soft  %steal  %guest  %gnice   %idle
04:55:37     all    0.33    0.00    0.17    0.00    0.00    0.08    0.00    0.00    0.00   99.42
04:55:37       0    0.00    0.00    0.00    0.00    0.00    0.00    0.00    0.00    0.00  100.00
04:55:37       1    0.00    0.00    0.00    0.00    0.00    0.00    0.00    0.00    0.00  100.00
04:55:37       2    2.97    0.00    0.00    0.00    0.00    0.99    0.00    0.00    0.00   96.04
04:55:37       3    0.00    0.00    1.00    0.00    0.00    0.00    0.00    0.00    0.00   99.00
04:55:37       4    1.01    0.00    0.00    0.00    0.00    0.00    0.00    0.00    0.00   98.99
04:55:37       5    0.00    0.00    1.00    0.00    0.00    0.00    0.00    0.00    0.00   99.00
04:55:37       6    0.00    0.00    0.00    0.00    0.00    0.00    0.00    0.00    0.00  100.00
04:55:37       7    0.00    0.00    0.00    0.00    0.00    0.00    0.00    0.00    0.00  100.00
04:55:37       8    0.00    0.00    0.00    0.00    0.00    0.00    0.00    0.00    0.00  100.00
04:55:37       9    0.00    0.00    0.00    0.00    0.00    0.00    0.00    0.00    0.00  100.00
04:55:37      10    0.00    0.00    0.00    0.00    0.00    0.00    0.00    0.00    0.00  100.00
04:55:37      11    0.00    0.00    0.00    0.00    0.00    0.00    0.00    0.00    0.00  100.00

Average:     CPU    %usr   %nice    %sys %iowait    %irq   %soft  %steal  %guest  %gnice   %idle
Average:     all    0.43    0.00    0.20    0.00    0.02    0.02    0.00    0.00    0.00   99.33
Average:       0    0.20    0.00    0.00    0.00    0.00    0.00    0.00    0.00    0.00   99.80
Average:       1    0.00    0.00    0.00    0.00    0.00    0.00    0.00    0.00    0.00  100.00
Average:       2    1.00    0.00    0.20    0.00    0.00    0.20    0.00    0.00    0.00   98.60
Average:       3    0.20    0.00    0.60    0.00    0.00    0.00    0.00    0.00    0.00   99.20
Average:       4    0.80    0.00    0.20    0.00    0.00    0.00    0.00    0.00    0.00   99.00
Average:       5    0.20    0.00    0.40    0.00    0.00    0.00    0.00    0.00    0.00   99.40
Average:       6    1.00    0.00    0.20    0.00    0.00    0.00    0.00    0.00    0.00   98.80
Average:       7    0.20    0.00    0.00    0.00    0.00    0.00    0.00    0.00    0.00   99.80
Average:       8    0.20    0.00    0.00    0.00    0.20    0.00    0.00    0.00    0.00   99.60
Average:       9    0.20    0.00    0.60    0.00    0.00    0.00    0.00    0.00    0.00   99.20
Average:      10    1.20    0.00    0.20    0.00    0.00    0.00    0.00    0.00    0.00   98.60
Average:      11    0.00    0.00    0.00    0.00    0.00    0.00    0.00    0.00    0.00  100.00
