Linux 5.14.0-611.34.1.el9_7.x86_64 (benchmark-server) 	08/29/26 	_x86_64_	(12 CPU)

04:20:17     CPU    %usr   %nice    %sys %iowait    %irq   %soft  %steal  %guest  %gnice   %idle
04:20:18     all    0.08    0.00    0.08    0.00    0.00    0.00    0.00    0.00    0.00   99.83
04:20:18       0    0.00    0.00    0.00    0.00    0.00    0.00    0.00    0.00    0.00  100.00
04:20:18       1    0.00    0.00    0.00    0.00    0.00    0.00    0.00    0.00    0.00  100.00
04:20:18       2    0.00    0.00    0.00    0.00    0.00    0.00    0.00    0.00    0.00  100.00
04:20:18       3    0.00    0.00    0.00    0.00    0.00    0.00    0.00    0.00    0.00  100.00
04:20:18       4    0.00    0.00    0.00    0.00    0.00    0.00    0.00    0.00    0.00  100.00
04:20:18       5    0.00    0.00    0.00    0.00    0.00    0.00    0.00    0.00    0.00  100.00
04:20:18       6    0.00    0.00    0.00    0.00    0.00    0.00    0.00    0.00    0.00  100.00
04:20:18       7    0.00    0.00    0.00    0.00    0.00    0.00    0.00    0.00    0.00  100.00
04:20:18       8    0.00    0.00    0.00    0.00    0.00    0.00    0.00    0.00    0.00  100.00
04:20:18       9    0.00    0.00    0.00    0.00    0.00    0.00    0.00    0.00    0.00  100.00
04:20:18      10    0.00    0.00    0.00    0.00    0.00    0.00    0.00    0.00    0.00  100.00
04:20:18      11    0.99    0.00    0.99    0.00    0.00    0.00    0.00    0.00    0.00   98.02

04:20:18     CPU    %usr   %nice    %sys %iowait    %irq   %soft  %steal  %guest  %gnice   %idle
04:20:19     all    0.92    0.00    0.92    0.08    0.17    0.08    0.00    0.00    0.00   97.84
04:20:19       0    1.96    0.00    1.96    0.98    0.98    0.00    0.00    0.00    0.00   94.12
04:20:19       1    1.96    0.00    2.94    0.00    0.00    0.98    0.00    0.00    0.00   94.12
04:20:19       2    1.00    0.00    1.00    0.00    0.00    0.00    0.00    0.00    0.00   98.00
04:20:19       3    0.00    0.00    0.00    0.00    0.00    0.00    0.00    0.00    0.00  100.00
04:20:19       4    0.99    0.00    0.99    0.00    0.00    0.00    0.00    0.00    0.00   98.02
04:20:19       5    0.00    0.00    0.00    0.00    0.00    0.00    0.00    0.00    0.00  100.00
04:20:19       6    1.00    0.00    0.00    0.00    0.00    0.00    0.00    0.00    0.00   99.00
04:20:19       7    0.00    0.00    0.00    0.00    0.00    0.00    0.00    0.00    0.00  100.00
04:20:19       8    1.00    0.00    0.00    0.00    0.00    0.00    0.00    0.00    0.00   99.00
04:20:19       9    1.00    0.00    2.00    0.00    0.00    0.00    0.00    0.00    0.00   97.00
04:20:19      10    1.00    0.00    2.00    0.00    0.00    0.00    0.00    0.00    0.00   97.00
04:20:19      11    1.01    0.00    0.00    0.00    1.01    0.00    0.00    0.00    0.00   97.98

04:20:19     CPU    %usr   %nice    %sys %iowait    %irq   %soft  %steal  %guest  %gnice   %idle
04:20:20     all    0.33    0.00    0.08    0.00    0.00    0.00    0.00    0.00    0.00   99.58
04:20:20       0    1.02    0.00    0.00    0.00    0.00    0.00    0.00    0.00    0.00   98.98
04:20:20       1    0.00    0.00    0.00    0.00    0.00    0.00    0.00    0.00    0.00  100.00
04:20:20       2    0.00    0.00    0.00    0.00    0.00    0.00    0.00    0.00    0.00  100.00
04:20:20       3    0.00    0.00    0.00    0.00    0.00    0.00    0.00    0.00    0.00  100.00
04:20:20       4    0.00    0.00    0.00    0.00    0.00    0.00    0.00    0.00    0.00  100.00
04:20:20       5    0.00    0.00    0.00    0.00    0.00    0.00    0.00    0.00    0.00  100.00
04:20:20       6    0.00    0.00    0.00    0.00    0.00    0.00    0.00    0.00    0.00  100.00
04:20:20       7    1.01    0.00    0.00    0.00    0.00    0.00    0.00    0.00    0.00   98.99
04:20:20       8    0.00    0.00    0.00    0.00    0.00    0.00    0.00    0.00    0.00  100.00
04:20:20       9    1.00    0.00    0.00    0.00    0.00    0.00    0.00    0.00    0.00   99.00
04:20:20      10    1.00    0.00    0.00    0.00    0.00    0.00    0.00    0.00    0.00   99.00
04:20:20      11    0.00    0.00    0.99    0.00    0.00    0.00    0.00    0.00    0.00   99.01

04:20:20     CPU    %usr   %nice    %sys %iowait    %irq   %soft  %steal  %guest  %gnice   %idle
04:20:21     all    0.08    0.00    0.25    0.00    0.08    0.00    0.00    0.00    0.00   99.58
04:20:21       0    0.00    0.00    0.00    0.00    0.00    0.00    0.00    0.00    0.00  100.00
04:20:21       1    0.00    0.00    0.00    0.00    0.00    0.00    0.00    0.00    0.00  100.00
04:20:21       2    0.00    0.00    0.00    0.00    0.00    0.00    0.00    0.00    0.00  100.00
04:20:21       3    0.00    0.00    0.99    0.00    0.00    0.00    0.00    0.00    0.00   99.01
04:20:21       4    0.00    0.00    0.00    0.00    0.00    0.00    0.00    0.00    0.00  100.00
04:20:21       5    0.00    0.00    0.00    0.00    0.00    0.00    0.00    0.00    0.00  100.00
04:20:21       6    0.00    0.00    0.00    0.00    0.00    0.00    0.00    0.00    0.00  100.00
04:20:21       7    0.00    0.00    0.00    0.00    0.00    0.00    0.00    0.00    0.00  100.00
04:20:21       8    0.00    0.00    0.00    0.00    0.99    0.00    0.00    0.00    0.00   99.01
04:20:21       9    0.00    0.00    0.00    0.00    0.00    0.00    0.00    0.00    0.00  100.00
04:20:21      10    0.00    0.00    1.00    0.00    0.00    0.00    0.00    0.00    0.00   99.00
04:20:21      11    1.00    0.00    1.00    0.00    0.00    0.00    0.00    0.00    0.00   98.00

04:20:21     CPU    %usr   %nice    %sys %iowait    %irq   %soft  %steal  %guest  %gnice   %idle
04:20:22     all    0.33    0.00    0.25    0.00    0.00    0.08    0.00    0.00    0.00   99.33
04:20:22       0    4.00    0.00    1.00    0.00    0.00    0.00    0.00    0.00    0.00   95.00
04:20:22       1    0.00    0.00    0.00    0.00    0.00    0.00    0.00    0.00    0.00  100.00
04:20:22       2    0.00    0.00    0.00    0.00    0.00    0.99    0.00    0.00    0.00   99.01
04:20:22       3    0.00    0.00    0.00    0.00    0.00    0.00    0.00    0.00    0.00  100.00
04:20:22       4    0.00    0.00    0.00    0.00    0.00    0.00    0.00    0.00    0.00  100.00
04:20:22       5    0.00    0.00    0.00    0.00    0.00    0.00    0.00    0.00    0.00  100.00
04:20:22       6    0.00    0.00    0.00    0.00    0.00    0.00    0.00    0.00    0.00  100.00
04:20:22       7    0.00    0.00    0.99    0.00    0.00    0.00    0.00    0.00    0.00   99.01
04:20:22       8    0.00    0.00    0.00    0.00    0.00    0.00    0.00    0.00    0.00  100.00
04:20:22       9    0.00    0.00    0.00    0.00    0.00    0.00    0.00    0.00    0.00  100.00
04:20:22      10    0.00    0.00    0.00    0.00    0.00    0.00    0.00    0.00    0.00  100.00
04:20:22      11    0.00    0.00    1.01    0.00    0.00    0.00    0.00    0.00    0.00   98.99

Average:     CPU    %usr   %nice    %sys %iowait    %irq   %soft  %steal  %guest  %gnice   %idle
Average:     all    0.35    0.00    0.32    0.02    0.05    0.03    0.00    0.00    0.00   99.23
Average:       0    1.40    0.00    0.60    0.20    0.20    0.00    0.00    0.00    0.00   97.60
Average:       1    0.40    0.00    0.60    0.00    0.00    0.20    0.00    0.00    0.00   98.80
Average:       2    0.20    0.00    0.20    0.00    0.00    0.20    0.00    0.00    0.00   99.40
Average:       3    0.00    0.00    0.20    0.00    0.00    0.00    0.00    0.00    0.00   99.80
Average:       4    0.20    0.00    0.20    0.00    0.00    0.00    0.00    0.00    0.00   99.60
Average:       5    0.00    0.00    0.00    0.00    0.00    0.00    0.00    0.00    0.00  100.00
Average:       6    0.20    0.00    0.00    0.00    0.00    0.00    0.00    0.00    0.00   99.80
Average:       7    0.20    0.00    0.20    0.00    0.00    0.00    0.00    0.00    0.00   99.60
Average:       8    0.20    0.00    0.00    0.00    0.20    0.00    0.00    0.00    0.00   99.60
Average:       9    0.40    0.00    0.40    0.00    0.00    0.00    0.00    0.00    0.00   99.20
Average:      10    0.40    0.00    0.60    0.00    0.00    0.00    0.00    0.00    0.00   99.00
Average:      11    0.60    0.00    0.80    0.00    0.20    0.00    0.00    0.00    0.00   98.40
