Linux 5.14.0-611.34.1.el9_7.x86_64 (benchmark-server) 	08/29/26 	_x86_64_	(12 CPU)

04:29:14     CPU    %usr   %nice    %sys %iowait    %irq   %soft  %steal  %guest  %gnice   %idle
04:29:15     all    0.25    0.00    0.08    0.00    0.08    0.00    0.00    0.00    0.00   99.58
04:29:15       0    0.00    0.00    0.00    0.00    0.00    0.00    0.00    0.00    0.00  100.00
04:29:15       1    0.00    0.00    0.00    0.00    0.00    0.00    0.00    0.00    0.00  100.00
04:29:15       2    0.00    0.00    0.00    0.00    0.00    0.00    0.00    0.00    0.00  100.00
04:29:15       3    0.00    0.00    0.00    0.00    0.00    0.00    0.00    0.00    0.00  100.00
04:29:15       4    0.00    0.00    0.00    0.00    0.00    0.00    0.00    0.00    0.00  100.00
04:29:15       5    0.00    0.00    0.00    0.00    0.00    0.00    0.00    0.00    0.00  100.00
04:29:15       6    0.00    0.00    0.00    0.00    0.00    0.00    0.00    0.00    0.00  100.00
04:29:15       7    0.99    0.00    0.00    0.00    0.00    0.00    0.00    0.00    0.00   99.01
04:29:15       8    0.00    0.00    0.00    0.00    0.00    0.00    0.00    0.00    0.00  100.00
04:29:15       9    0.98    0.00    0.00    0.00    0.98    0.00    0.00    0.00    0.00   98.04
04:29:15      10    0.00    0.00    0.00    0.00    0.00    0.00    0.00    0.00    0.00  100.00
04:29:15      11    1.00    0.00    1.00    0.00    0.00    0.00    0.00    0.00    0.00   98.00

04:29:15     CPU    %usr   %nice    %sys %iowait    %irq   %soft  %steal  %guest  %gnice   %idle
04:29:16     all    0.83    0.00    0.42    0.00    0.00    0.00    0.00    0.00    0.00   98.75
04:29:16       0    0.00    0.00    0.00    0.00    0.00    0.00    0.00    0.00    0.00  100.00
04:29:16       1    0.00    0.00    0.00    0.00    0.00    0.00    0.00    0.00    0.00  100.00
04:29:16       2    0.00    0.00    0.00    0.00    0.00    0.00    0.00    0.00    0.00  100.00
04:29:16       3    4.95    0.00    1.98    0.00    0.00    0.00    0.00    0.00    0.00   93.07
04:29:16       4    0.00    0.00    0.00    0.00    0.00    0.00    0.00    0.00    0.00  100.00
04:29:16       5    0.00    0.00    0.00    0.00    0.00    0.00    0.00    0.00    0.00  100.00
04:29:16       6    0.00    0.00    0.00    0.00    0.00    0.00    0.00    0.00    0.00  100.00
04:29:16       7    0.00    0.00    0.00    0.00    0.00    0.00    0.00    0.00    0.00  100.00
04:29:16       8    1.98    0.00    0.99    0.00    0.00    0.00    0.00    0.00    0.00   97.03
04:29:16       9    0.00    0.00    0.00    0.00    0.00    0.00    0.00    0.00    0.00  100.00
04:29:16      10    2.97    0.00    1.98    0.00    0.00    0.00    0.00    0.00    0.00   95.05
04:29:16      11    0.00    0.00    0.00    0.00    0.00    0.00    0.00    0.00    0.00  100.00

04:29:16     CPU    %usr   %nice    %sys %iowait    %irq   %soft  %steal  %guest  %gnice   %idle
04:29:17     all    0.08    0.00    0.25    0.00    0.00    0.00    0.00    0.00    0.00   99.67
04:29:17       0    0.00    0.00    0.00    0.00    0.00    0.00    0.00    0.00    0.00  100.00
04:29:17       1    0.00    0.00    0.99    0.00    0.00    0.00    0.00    0.00    0.00   99.01
04:29:17       2    0.00    0.00    0.00    0.00    0.00    0.00    0.00    0.00    0.00  100.00
04:29:17       3    0.00    0.00    0.00    0.00    0.00    0.00    0.00    0.00    0.00  100.00
04:29:17       4    0.00    0.00    0.00    0.00    0.00    0.00    0.00    0.00    0.00  100.00
04:29:17       5    0.00    0.00    0.00    0.00    0.00    0.00    0.00    0.00    0.00  100.00
04:29:17       6    0.00    0.00    0.00    0.00    0.00    0.00    0.00    0.00    0.00  100.00
04:29:17       7    0.00    0.00    0.00    0.00    0.00    0.00    0.00    0.00    0.00  100.00
04:29:17       8    0.00    0.00    0.00    0.00    0.00    0.00    0.00    0.00    0.00  100.00
04:29:17       9    0.98    0.00    0.98    0.00    0.00    0.00    0.00    0.00    0.00   98.04
04:29:17      10    0.00    0.00    1.00    0.00    0.00    0.00    0.00    0.00    0.00   99.00
04:29:17      11    0.00    0.00    0.00    0.00    0.00    0.00    0.00    0.00    0.00  100.00

04:29:17     CPU    %usr   %nice    %sys %iowait    %irq   %soft  %steal  %guest  %gnice   %idle
04:29:18     all    0.92    0.00    0.83    0.25    0.00    0.08    0.00    0.00    0.00   97.91
04:29:18       0    0.99    0.00    1.98    0.00    0.00    0.00    0.00    0.00    0.00   97.03
04:29:18       1    0.00    0.00    0.00    0.00    0.00    0.00    0.00    0.00    0.00  100.00
04:29:18       2    0.00    0.00    0.00    0.00    0.00    0.00    0.00    0.00    0.00  100.00
04:29:18       3    0.00    0.00    0.00    1.00    0.00    0.00    0.00    0.00    0.00   99.00
04:29:18       4    0.99    0.00    0.99    0.00    0.00    0.00    0.00    0.00    0.00   98.02
04:29:18       5    0.00    0.00    0.00    0.00    0.00    0.00    0.00    0.00    0.00  100.00
04:29:18       6    0.99    0.00    0.00    0.00    0.00    0.00    0.00    0.00    0.00   99.01
04:29:18       7    3.03    0.00    1.01    0.00    0.00    0.00    0.00    0.00    0.00   95.96
04:29:18       8    0.00    0.00    0.99    0.99    0.00    0.99    0.00    0.00    0.00   97.03
04:29:18       9    1.01    0.00    2.02    1.01    0.00    0.00    0.00    0.00    0.00   95.96
04:29:18      10    1.00    0.00    1.00    0.00    0.00    0.00    0.00    0.00    0.00   98.00
04:29:18      11    3.06    0.00    2.04    0.00    0.00    0.00    0.00    0.00    0.00   94.90

04:29:18     CPU    %usr   %nice    %sys %iowait    %irq   %soft  %steal  %guest  %gnice   %idle
04:29:19     all    0.42    0.00    0.33    0.00    0.00    0.00    0.00    0.00    0.00   99.25
04:29:19       0    0.00    0.00    1.00    0.00    0.00    0.00    0.00    0.00    0.00   99.00
04:29:19       1    1.00    0.00    0.00    0.00    0.00    0.00    0.00    0.00    0.00   99.00
04:29:19       2    0.99    0.00    0.00    0.00    0.00    0.00    0.00    0.00    0.00   99.01
04:29:19       3    0.00    0.00    0.00    0.00    0.00    0.00    0.00    0.00    0.00  100.00
04:29:19       4    0.00    0.00    0.00    0.00    0.00    0.00    0.00    0.00    0.00  100.00
04:29:19       5    0.00    0.00    0.00    0.00    0.00    0.00    0.00    0.00    0.00  100.00
04:29:19       6    0.00    0.00    0.00    0.00    0.00    0.00    0.00    0.00    0.00  100.00
04:29:19       7    0.00    0.00    0.00    0.00    0.00    0.00    0.00    0.00    0.00  100.00
04:29:19       8    0.00    0.00    1.00    0.00    0.00    0.00    0.00    0.00    0.00   99.00
04:29:19       9    0.00    0.00    0.00    0.00    0.00    0.00    0.00    0.00    0.00  100.00
04:29:19      10    0.00    0.00    1.01    0.00    0.00    0.00    0.00    0.00    0.00   98.99
04:29:19      11    2.97    0.00    0.99    0.00    0.00    0.00    0.00    0.00    0.00   96.04

Average:     CPU    %usr   %nice    %sys %iowait    %irq   %soft  %steal  %guest  %gnice   %idle
Average:     all    0.50    0.00    0.38    0.05    0.02    0.02    0.00    0.00    0.00   99.03
Average:       0    0.20    0.00    0.60    0.00    0.00    0.00    0.00    0.00    0.00   99.20
Average:       1    0.20    0.00    0.20    0.00    0.00    0.00    0.00    0.00    0.00   99.60
Average:       2    0.20    0.00    0.00    0.00    0.00    0.00    0.00    0.00    0.00   99.80
Average:       3    1.00    0.00    0.40    0.20    0.00    0.00    0.00    0.00    0.00   98.40
Average:       4    0.20    0.00    0.20    0.00    0.00    0.00    0.00    0.00    0.00   99.60
Average:       5    0.00    0.00    0.00    0.00    0.00    0.00    0.00    0.00    0.00  100.00
Average:       6    0.20    0.00    0.00    0.00    0.00    0.00    0.00    0.00    0.00   99.80
Average:       7    0.80    0.00    0.20    0.00    0.00    0.00    0.00    0.00    0.00   99.00
Average:       8    0.40    0.00    0.60    0.20    0.00    0.20    0.00    0.00    0.00   98.60
Average:       9    0.60    0.00    0.60    0.20    0.20    0.00    0.00    0.00    0.00   98.40
Average:      10    0.80    0.00    1.00    0.00    0.00    0.00    0.00    0.00    0.00   98.20
Average:      11    1.40    0.00    0.80    0.00    0.00    0.00    0.00    0.00    0.00   97.80
