Linux 5.14.0-611.34.1.el9_7.x86_64 (benchmark-server) 	08/29/26 	_x86_64_	(12 CPU)

04:24:14     CPU    %usr   %nice    %sys %iowait    %irq   %soft  %steal  %guest  %gnice   %idle
04:24:15     all    0.25    0.00    0.17    0.00    0.00    0.08    0.00    0.00    0.00   99.50
04:24:15       0    0.00    0.00    0.00    0.00    0.00    0.00    0.00    0.00    0.00  100.00
04:24:15       1    0.99    0.00    0.00    0.00    0.00    0.00    0.00    0.00    0.00   99.01
04:24:15       2    2.00    0.00    1.00    0.00    0.00    0.00    0.00    0.00    0.00   97.00
04:24:15       3    0.00    0.00    0.00    0.00    0.00    0.00    0.00    0.00    0.00  100.00
04:24:15       4    0.00    0.00    0.00    0.00    0.00    1.00    0.00    0.00    0.00   99.00
04:24:15       5    0.00    0.00    0.99    0.00    0.00    0.00    0.00    0.00    0.00   99.01
04:24:15       6    0.00    0.00    0.00    0.00    0.00    0.00    0.00    0.00    0.00  100.00
04:24:15       7    0.00    0.00    0.00    0.00    0.00    0.00    0.00    0.00    0.00  100.00
04:24:15       8    0.00    0.00    0.00    0.00    0.00    0.00    0.00    0.00    0.00  100.00
04:24:15       9    0.00    0.00    0.00    0.00    0.00    0.00    0.00    0.00    0.00  100.00
04:24:15      10    0.00    0.00    0.00    0.00    0.00    0.00    0.00    0.00    0.00  100.00
04:24:15      11    0.00    0.00    0.00    0.00    0.00    0.00    0.00    0.00    0.00  100.00

04:24:15     CPU    %usr   %nice    %sys %iowait    %irq   %soft  %steal  %guest  %gnice   %idle
04:24:16     all    0.00    0.00    0.00    0.00    0.00    0.00    0.00    0.00    0.00  100.00
04:24:16       0    0.00    0.00    0.00    0.00    0.00    0.00    0.00    0.00    0.00  100.00
04:24:16       1    0.00    0.00    0.00    0.00    0.00    0.00    0.00    0.00    0.00  100.00
04:24:16       2    0.00    0.00    0.00    0.00    0.00    0.00    0.00    0.00    0.00  100.00
04:24:16       3    0.00    0.00    0.00    0.00    0.00    0.00    0.00    0.00    0.00  100.00
04:24:16       4    0.00    0.00    0.00    0.00    0.00    0.00    0.00    0.00    0.00  100.00
04:24:16       5    0.00    0.00    0.00    0.00    0.00    0.00    0.00    0.00    0.00  100.00
04:24:16       6    0.00    0.00    0.00    0.00    0.00    0.00    0.00    0.00    0.00  100.00
04:24:16       7    0.00    0.00    0.00    0.00    0.00    0.00    0.00    0.00    0.00  100.00
04:24:16       8    0.00    0.00    0.00    0.00    0.00    0.00    0.00    0.00    0.00  100.00
04:24:16       9    0.00    0.00    0.00    0.00    0.00    0.00    0.00    0.00    0.00  100.00
04:24:16      10    0.00    0.00    0.00    0.00    0.00    0.00    0.00    0.00    0.00  100.00
04:24:16      11    0.00    0.00    0.00    0.00    0.00    0.00    0.00    0.00    0.00  100.00

04:24:16     CPU    %usr   %nice    %sys %iowait    %irq   %soft  %steal  %guest  %gnice   %idle
04:24:17     all    0.08    0.00    0.17    0.00    0.08    0.00    0.00    0.00    0.00   99.67
04:24:17       0    0.00    0.00    0.00    0.00    0.00    0.00    0.00    0.00    0.00  100.00
04:24:17       1    0.00    0.00    0.00    0.00    0.00    0.00    0.00    0.00    0.00  100.00
04:24:17       2    0.00    0.00    0.00    0.00    0.00    0.00    0.00    0.00    0.00  100.00
04:24:17       3    0.00    0.00    0.00    0.00    0.00    0.00    0.00    0.00    0.00  100.00
04:24:17       4    0.00    0.00    1.00    0.00    0.00    0.00    0.00    0.00    0.00   99.00
04:24:17       5    0.00    0.00    0.00    0.00    0.00    0.00    0.00    0.00    0.00  100.00
04:24:17       6    0.00    0.00    0.00    0.00    0.00    0.00    0.00    0.00    0.00  100.00
04:24:17       7    0.00    0.00    0.00    0.00    0.00    0.00    0.00    0.00    0.00  100.00
04:24:17       8    0.00    0.00    0.00    0.00    0.99    0.00    0.00    0.00    0.00   99.01
04:24:17       9    0.00    0.00    0.00    0.00    0.00    0.00    0.00    0.00    0.00  100.00
04:24:17      10    0.00    0.00    0.00    0.00    0.00    0.00    0.00    0.00    0.00  100.00
04:24:17      11    0.99    0.00    0.99    0.00    0.00    0.00    0.00    0.00    0.00   98.02

04:24:17     CPU    %usr   %nice    %sys %iowait    %irq   %soft  %steal  %guest  %gnice   %idle
04:24:18     all    1.00    0.00    1.08    0.17    0.00    0.00    0.00    0.00    0.00   97.75
04:24:18       0    0.00    0.00    1.00    1.00    0.00    0.00    0.00    0.00    0.00   98.00
04:24:18       1    0.00    0.00    0.99    0.00    0.00    0.00    0.00    0.00    0.00   99.01
04:24:18       2    1.01    0.00    2.02    0.00    0.00    0.00    0.00    0.00    0.00   96.97
04:24:18       3    0.99    0.00    0.99    0.00    0.00    0.00    0.00    0.00    0.00   98.02
04:24:18       4    0.99    0.00    0.99    0.99    0.00    0.00    0.00    0.00    0.00   97.03
04:24:18       5    7.00    0.00    3.00    0.00    0.00    0.00    0.00    0.00    0.00   90.00
04:24:18       6    0.99    0.00    0.99    0.00    0.00    0.00    0.00    0.00    0.00   98.02
04:24:18       7    1.00    0.00    0.00    0.00    0.00    0.00    0.00    0.00    0.00   99.00
04:24:18       8    0.00    0.00    2.00    0.00    0.00    0.00    0.00    0.00    0.00   98.00
04:24:18       9    0.00    0.00    0.00    0.00    0.00    0.00    0.00    0.00    0.00  100.00
04:24:18      10    0.00    0.00    0.00    0.00    0.00    0.00    0.00    0.00    0.00  100.00
04:24:18      11    0.00    0.00    1.00    0.00    0.00    0.00    0.00    0.00    0.00   99.00

04:24:18     CPU    %usr   %nice    %sys %iowait    %irq   %soft  %steal  %guest  %gnice   %idle
04:24:19     all    0.50    0.00    0.50    0.00    0.00    0.08    0.00    0.00    0.00   98.92
04:24:19       0    0.00    0.00    0.99    0.00    0.00    0.00    0.00    0.00    0.00   99.01
04:24:19       1    0.00    0.00    0.00    0.00    0.00    0.00    0.00    0.00    0.00  100.00
04:24:19       2    0.98    0.00    0.98    0.00    0.00    0.98    0.00    0.00    0.00   97.06
04:24:19       3    0.00    0.00    1.00    0.00    0.00    0.00    0.00    0.00    0.00   99.00
04:24:19       4    0.00    0.00    0.00    0.00    0.00    0.00    0.00    0.00    0.00  100.00
04:24:19       5    3.00    0.00    2.00    0.00    0.00    0.00    0.00    0.00    0.00   95.00
04:24:19       6    0.00    0.00    0.00    0.00    0.00    0.00    0.00    0.00    0.00  100.00
04:24:19       7    0.00    0.00    0.00    0.00    0.00    0.00    0.00    0.00    0.00  100.00
04:24:19       8    0.00    0.00    1.00    0.00    0.00    0.00    0.00    0.00    0.00   99.00
04:24:19       9    0.00    0.00    0.00    0.00    0.00    0.00    0.00    0.00    0.00  100.00
04:24:19      10    0.00    0.00    0.00    0.00    0.00    0.00    0.00    0.00    0.00  100.00
04:24:19      11    2.00    0.00    0.00    0.00    0.00    0.00    0.00    0.00    0.00   98.00

Average:     CPU    %usr   %nice    %sys %iowait    %irq   %soft  %steal  %guest  %gnice   %idle
Average:     all    0.37    0.00    0.38    0.03    0.02    0.03    0.00    0.00    0.00   99.17
Average:       0    0.00    0.00    0.40    0.20    0.00    0.00    0.00    0.00    0.00   99.40
Average:       1    0.20    0.00    0.20    0.00    0.00    0.00    0.00    0.00    0.00   99.60
Average:       2    0.80    0.00    0.80    0.00    0.00    0.20    0.00    0.00    0.00   98.20
Average:       3    0.20    0.00    0.40    0.00    0.00    0.00    0.00    0.00    0.00   99.40
Average:       4    0.20    0.00    0.40    0.20    0.00    0.20    0.00    0.00    0.00   99.00
Average:       5    2.00    0.00    1.20    0.00    0.00    0.00    0.00    0.00    0.00   96.80
Average:       6    0.20    0.00    0.20    0.00    0.00    0.00    0.00    0.00    0.00   99.60
Average:       7    0.20    0.00    0.00    0.00    0.00    0.00    0.00    0.00    0.00   99.80
Average:       8    0.00    0.00    0.60    0.00    0.20    0.00    0.00    0.00    0.00   99.20
Average:       9    0.00    0.00    0.00    0.00    0.00    0.00    0.00    0.00    0.00  100.00
Average:      10    0.00    0.00    0.00    0.00    0.00    0.00    0.00    0.00    0.00  100.00
Average:      11    0.60    0.00    0.40    0.00    0.00    0.00    0.00    0.00    0.00   99.00
