Linux 5.14.0-611.34.1.el9_7.x86_64 (benchmark-server) 	08/29/26 	_x86_64_	(12 CPU)

05:20:28     CPU    %usr   %nice    %sys %iowait    %irq   %soft  %steal  %guest  %gnice   %idle
05:20:29     all    0.75    0.00    0.17    0.00    0.00    0.00    0.00    0.00    0.00   99.08
05:20:29       0    1.00    0.00    0.00    0.00    0.00    0.00    0.00    0.00    0.00   99.00
05:20:29       1    1.00    0.00    0.00    0.00    0.00    0.00    0.00    0.00    0.00   99.00
05:20:29       2    0.99    0.00    0.00    0.00    0.00    0.00    0.00    0.00    0.00   99.01
05:20:29       3    0.99    0.00    0.00    0.00    0.00    0.00    0.00    0.00    0.00   99.01
05:20:29       4    0.00    0.00    0.00    0.00    0.00    0.00    0.00    0.00    0.00  100.00
05:20:29       5    2.02    0.00    0.00    0.00    0.00    0.00    0.00    0.00    0.00   97.98
05:20:29       6    0.00    0.00    0.00    0.00    0.00    0.00    0.00    0.00    0.00  100.00
05:20:29       7    0.00    0.00    0.00    0.00    0.00    0.00    0.00    0.00    0.00  100.00
05:20:29       8    0.00    0.00    0.00    0.00    0.00    0.00    0.00    0.00    0.00  100.00
05:20:29       9    1.00    0.00    1.00    0.00    0.00    0.00    0.00    0.00    0.00   98.00
05:20:29      10    0.00    0.00    0.00    0.00    0.00    0.00    0.00    0.00    0.00  100.00
05:20:29      11    1.98    0.00    0.99    0.00    0.00    0.00    0.00    0.00    0.00   97.03

05:20:29     CPU    %usr   %nice    %sys %iowait    %irq   %soft  %steal  %guest  %gnice   %idle
05:20:30     all    0.08    0.00    0.17    0.00    0.00    0.00    0.00    0.00    0.00   99.75
05:20:30       0    0.00    0.00    0.00    0.00    0.00    0.00    0.00    0.00    0.00  100.00
05:20:30       1    1.00    0.00    0.00    0.00    0.00    0.00    0.00    0.00    0.00   99.00
05:20:30       2    0.00    0.00    1.00    0.00    0.00    0.00    0.00    0.00    0.00   99.00
05:20:30       3    0.00    0.00    0.00    0.00    0.00    0.00    0.00    0.00    0.00  100.00
05:20:30       4    0.00    0.00    0.00    0.00    0.00    0.00    0.00    0.00    0.00  100.00
05:20:30       5    0.00    0.00    0.00    0.00    0.00    0.00    0.00    0.00    0.00  100.00
05:20:30       6    0.00    0.00    0.00    0.00    0.00    0.00    0.00    0.00    0.00  100.00
05:20:30       7    0.00    0.00    0.00    0.00    0.00    0.00    0.00    0.00    0.00  100.00
05:20:30       8    0.00    0.00    0.00    0.00    0.00    0.00    0.00    0.00    0.00  100.00
05:20:30       9    0.00    0.00    1.00    0.00    0.00    0.00    0.00    0.00    0.00   99.00
05:20:30      10    0.00    0.00    0.00    0.00    0.00    0.00    0.00    0.00    0.00  100.00
05:20:30      11    0.00    0.00    0.00    0.00    0.00    0.00    0.00    0.00    0.00  100.00

05:20:30     CPU    %usr   %nice    %sys %iowait    %irq   %soft  %steal  %guest  %gnice   %idle
05:20:31     all    1.00    0.00    0.33    0.00    0.00    0.00    0.00    0.00    0.00   98.67
05:20:31       0    2.00    0.00    0.00    0.00    0.00    0.00    0.00    0.00    0.00   98.00
05:20:31       1    1.98    0.00    0.99    0.00    0.00    0.00    0.00    0.00    0.00   97.03
05:20:31       2    0.00    0.00    0.00    0.00    0.00    0.00    0.00    0.00    0.00  100.00
05:20:31       3    0.00    0.00    0.00    0.00    0.00    0.00    0.00    0.00    0.00  100.00
05:20:31       4    0.00    0.00    0.00    0.00    0.00    0.00    0.00    0.00    0.00  100.00
05:20:31       5    0.00    0.00    0.00    0.00    0.00    0.00    0.00    0.00    0.00  100.00
05:20:31       6    0.00    0.00    0.00    0.00    0.00    0.00    0.00    0.00    0.00  100.00
05:20:31       7    0.00    0.00    0.00    0.00    0.00    0.00    0.00    0.00    0.00  100.00
05:20:31       8    1.00    0.00    1.00    0.00    0.00    0.00    0.00    0.00    0.00   98.00
05:20:31       9    1.98    0.00    1.98    0.00    0.00    0.00    0.00    0.00    0.00   96.04
05:20:31      10    1.00    0.00    0.00    0.00    0.00    0.00    0.00    0.00    0.00   99.00
05:20:31      11    4.00    0.00    0.00    0.00    0.00    0.00    0.00    0.00    0.00   96.00

05:20:31     CPU    %usr   %nice    %sys %iowait    %irq   %soft  %steal  %guest  %gnice   %idle
05:20:32     all    0.83    0.00    0.33    0.00    0.00    0.00    0.00    0.00    0.00   98.83
05:20:32       0    3.03    0.00    1.01    0.00    0.00    0.00    0.00    0.00    0.00   95.96
05:20:32       1    1.00    0.00    1.00    0.00    0.00    0.00    0.00    0.00    0.00   98.00
05:20:32       2    0.00    0.00    0.99    0.00    0.00    0.00    0.00    0.00    0.00   99.01
05:20:32       3    0.00    0.00    0.00    0.00    0.00    0.00    0.00    0.00    0.00  100.00
05:20:32       4    1.00    0.00    0.00    0.00    0.00    0.00    0.00    0.00    0.00   99.00
05:20:32       5    0.99    0.00    0.00    0.00    0.00    0.00    0.00    0.00    0.00   99.01
05:20:32       6    0.00    0.00    0.00    0.00    0.00    0.00    0.00    0.00    0.00  100.00
05:20:32       7    0.00    0.00    0.00    0.00    0.00    0.00    0.00    0.00    0.00  100.00
05:20:32       8    0.00    0.00    0.00    0.00    0.00    0.00    0.00    0.00    0.00  100.00
05:20:32       9    0.00    0.00    0.00    0.00    0.00    0.00    0.00    0.00    0.00  100.00
05:20:32      10    1.98    0.00    0.99    0.00    0.00    0.00    0.00    0.00    0.00   97.03
05:20:32      11    2.02    0.00    0.00    0.00    0.00    0.00    0.00    0.00    0.00   97.98

05:20:32     CPU    %usr   %nice    %sys %iowait    %irq   %soft  %steal  %guest  %gnice   %idle
05:20:33     all    0.25    0.00    0.08    0.00    0.00    0.00    0.00    0.00    0.00   99.67
05:20:33       0    0.00    0.00    0.00    0.00    0.00    0.00    0.00    0.00    0.00  100.00
05:20:33       1    0.00    0.00    0.00    0.00    0.00    0.00    0.00    0.00    0.00  100.00
05:20:33       2    1.01    0.00    0.00    0.00    0.00    0.00    0.00    0.00    0.00   98.99
05:20:33       3    0.00    0.00    1.01    0.00    0.00    0.00    0.00    0.00    0.00   98.99
05:20:33       4    0.00    0.00    0.00    0.00    0.00    0.00    0.00    0.00    0.00  100.00
05:20:33       5    0.00    0.00    0.00    0.00    0.00    0.00    0.00    0.00    0.00  100.00
05:20:33       6    0.00    0.00    0.00    0.00    0.00    0.00    0.00    0.00    0.00  100.00
05:20:33       7    0.00    0.00    0.00    0.00    0.00    0.00    0.00    0.00    0.00  100.00
05:20:33       8    1.00    0.00    0.00    0.00    0.00    0.00    0.00    0.00    0.00   99.00
05:20:33       9    1.00    0.00    0.00    0.00    0.00    0.00    0.00    0.00    0.00   99.00
05:20:33      10    0.00    0.00    0.00    0.00    0.00    0.00    0.00    0.00    0.00  100.00
05:20:33      11    0.00    0.00    0.00    0.00    0.00    0.00    0.00    0.00    0.00  100.00

Average:     CPU    %usr   %nice    %sys %iowait    %irq   %soft  %steal  %guest  %gnice   %idle
Average:     all    0.58    0.00    0.22    0.00    0.00    0.00    0.00    0.00    0.00   99.20
Average:       0    1.20    0.00    0.20    0.00    0.00    0.00    0.00    0.00    0.00   98.60
Average:       1    1.00    0.00    0.40    0.00    0.00    0.00    0.00    0.00    0.00   98.60
Average:       2    0.40    0.00    0.40    0.00    0.00    0.00    0.00    0.00    0.00   99.20
Average:       3    0.20    0.00    0.20    0.00    0.00    0.00    0.00    0.00    0.00   99.60
Average:       4    0.20    0.00    0.00    0.00    0.00    0.00    0.00    0.00    0.00   99.80
Average:       5    0.60    0.00    0.00    0.00    0.00    0.00    0.00    0.00    0.00   99.40
Average:       6    0.00    0.00    0.00    0.00    0.00    0.00    0.00    0.00    0.00  100.00
Average:       7    0.00    0.00    0.00    0.00    0.00    0.00    0.00    0.00    0.00  100.00
Average:       8    0.40    0.00    0.20    0.00    0.00    0.00    0.00    0.00    0.00   99.40
Average:       9    0.80    0.00    0.80    0.00    0.00    0.00    0.00    0.00    0.00   98.40
Average:      10    0.60    0.00    0.20    0.00    0.00    0.00    0.00    0.00    0.00   99.20
Average:      11    1.60    0.00    0.20    0.00    0.00    0.00    0.00    0.00    0.00   98.20
