Linux 5.14.0-611.34.1.el9_7.x86_64 (benchmark-server) 	08/29/26 	_x86_64_	(12 CPU)

04:14:05     CPU    %usr   %nice    %sys %iowait    %irq   %soft  %steal  %guest  %gnice   %idle
04:14:06     all    0.17    0.00    0.25    0.00    0.00    0.00    0.00    0.00    0.00   99.58
04:14:06       0    0.00    0.00    0.00    0.00    0.00    0.00    0.00    0.00    0.00  100.00
04:14:06       1    0.00    0.00    0.00    0.00    0.00    0.00    0.00    0.00    0.00  100.00
04:14:06       2    0.00    0.00    0.00    0.00    0.00    0.00    0.00    0.00    0.00  100.00
04:14:06       3    0.00    0.00    0.00    0.00    0.00    0.00    0.00    0.00    0.00  100.00
04:14:06       4    0.00    0.00    0.00    0.00    0.00    0.00    0.00    0.00    0.00  100.00
04:14:06       5    0.00    0.00    0.00    0.00    0.00    0.00    0.00    0.00    0.00  100.00
04:14:06       6    0.00    0.00    0.00    0.00    0.00    0.00    0.00    0.00    0.00  100.00
04:14:06       7    0.00    0.00    1.01    0.00    0.00    0.00    0.00    0.00    0.00   98.99
04:14:06       8    0.00    0.00    0.99    0.00    0.00    0.00    0.00    0.00    0.00   99.01
04:14:06       9    0.00    0.00    0.00    0.00    0.00    0.00    0.00    0.00    0.00  100.00
04:14:06      10    1.00    0.00    1.00    0.00    0.00    0.00    0.00    0.00    0.00   98.00
04:14:06      11    0.99    0.00    0.00    0.00    0.00    0.00    0.00    0.00    0.00   99.01

04:14:06     CPU    %usr   %nice    %sys %iowait    %irq   %soft  %steal  %guest  %gnice   %idle
04:14:07     all    0.25    0.00    0.25    0.00    0.00    0.00    0.00    0.00    0.00   99.50
04:14:07       0    0.00    0.00    1.00    0.00    0.00    0.00    0.00    0.00    0.00   99.00
04:14:07       1    0.00    0.00    0.00    0.00    0.00    0.00    0.00    0.00    0.00  100.00
04:14:07       2    0.00    0.00    0.00    0.00    0.00    0.00    0.00    0.00    0.00  100.00
04:14:07       3    0.00    0.00    0.00    0.00    0.00    0.00    0.00    0.00    0.00  100.00
04:14:07       4    0.00    0.00    0.00    0.00    0.00    0.00    0.00    0.00    0.00  100.00
04:14:07       5    0.99    0.00    0.99    0.00    0.00    0.00    0.00    0.00    0.00   98.02
04:14:07       6    0.00    0.00    0.00    0.00    0.00    0.00    0.00    0.00    0.00  100.00
04:14:07       7    0.00    0.00    0.00    0.00    0.00    0.00    0.00    0.00    0.00  100.00
04:14:07       8    1.02    0.00    0.00    0.00    0.00    0.00    0.00    0.00    0.00   98.98
04:14:07       9    0.00    0.00    0.00    0.00    0.00    0.00    0.00    0.00    0.00  100.00
04:14:07      10    1.00    0.00    1.00    0.00    0.00    0.00    0.00    0.00    0.00   98.00
04:14:07      11    0.00    0.00    0.00    0.00    0.00    0.00    0.00    0.00    0.00  100.00

04:14:07     CPU    %usr   %nice    %sys %iowait    %irq   %soft  %steal  %guest  %gnice   %idle
04:14:08     all    0.67    0.00    0.25    0.00    0.00    0.00    0.00    0.00    0.00   99.08
04:14:08       0    0.00    0.00    1.01    0.00    0.00    0.00    0.00    0.00    0.00   98.99
04:14:08       1    0.00    0.00    0.00    0.00    0.00    0.00    0.00    0.00    0.00  100.00
04:14:08       2    0.00    0.00    0.00    0.00    0.00    0.00    0.00    0.00    0.00  100.00
04:14:08       3    0.00    0.00    0.00    0.00    0.00    0.00    0.00    0.00    0.00  100.00
04:14:08       4    0.00    0.00    0.00    0.00    0.00    0.00    0.00    0.00    0.00  100.00
04:14:08       5    7.07    0.00    2.02    0.00    0.00    0.00    0.00    0.00    0.00   90.91
04:14:08       6    0.00    0.00    0.00    0.00    0.00    0.00    0.00    0.00    0.00  100.00
04:14:08       7    0.00    0.00    0.00    0.00    0.00    0.00    0.00    0.00    0.00  100.00
04:14:08       8    1.00    0.00    0.00    0.00    0.00    0.00    0.00    0.00    0.00   99.00
04:14:08       9    0.00    0.00    0.00    0.00    0.00    0.00    0.00    0.00    0.00  100.00
04:14:08      10    0.00    0.00    0.00    0.00    0.00    0.00    0.00    0.00    0.00  100.00
04:14:08      11    0.00    0.00    0.00    0.00    0.00    0.00    0.00    0.00    0.00  100.00

04:14:08     CPU    %usr   %nice    %sys %iowait    %irq   %soft  %steal  %guest  %gnice   %idle
04:14:09     all    0.33    0.00    0.25    0.00    0.00    0.08    0.00    0.00    0.00   99.33
04:14:09       0    0.00    0.00    0.00    0.00    0.00    0.00    0.00    0.00    0.00  100.00
04:14:09       1    0.00    0.00    0.00    0.00    0.00    0.00    0.00    0.00    0.00  100.00
04:14:09       2    0.00    0.00    1.00    0.00    0.00    0.00    0.00    0.00    0.00   99.00
04:14:09       3    0.00    0.00    0.00    0.00    0.00    0.00    0.00    0.00    0.00  100.00
04:14:09       4    0.00    0.00    0.00    0.00    0.00    0.00    0.00    0.00    0.00  100.00
04:14:09       5    2.02    0.00    0.00    0.00    0.00    0.00    0.00    0.00    0.00   97.98
04:14:09       6    0.98    0.00    0.98    0.00    0.00    0.98    0.00    0.00    0.00   97.06
04:14:09       7    0.00    0.00    0.00    0.00    0.00    0.00    0.00    0.00    0.00  100.00
04:14:09       8    0.00    0.00    0.00    0.00    0.00    0.00    0.00    0.00    0.00  100.00
04:14:09       9    0.99    0.00    0.99    0.00    0.00    0.00    0.00    0.00    0.00   98.02
04:14:09      10    0.00    0.00    0.00    0.00    0.00    0.00    0.00    0.00    0.00  100.00
04:14:09      11    0.00    0.00    0.00    0.00    0.00    0.00    0.00    0.00    0.00  100.00

04:14:09     CPU    %usr   %nice    %sys %iowait    %irq   %soft  %steal  %guest  %gnice   %idle
04:14:10     all    0.08    0.00    0.17    0.00    0.00    0.00    0.00    0.00    0.00   99.75
04:14:10       0    0.00    0.00    0.00    0.00    0.00    0.00    0.00    0.00    0.00  100.00
04:14:10       1    0.00    0.00    0.00    0.00    0.00    0.00    0.00    0.00    0.00  100.00
04:14:10       2    0.00    0.00    0.00    0.00    0.00    0.00    0.00    0.00    0.00  100.00
04:14:10       3    0.00    0.00    0.00    0.00    0.00    0.00    0.00    0.00    0.00  100.00
04:14:10       4    0.00    0.00    0.00    0.00    0.00    0.00    0.00    0.00    0.00  100.00
04:14:10       5    0.00    0.00    0.00    0.00    0.00    0.00    0.00    0.00    0.00  100.00
04:14:10       6    0.00    0.00    0.00    0.00    0.00    0.00    0.00    0.00    0.00  100.00
04:14:10       7    0.99    0.00    0.00    0.00    0.00    0.00    0.00    0.00    0.00   99.01
04:14:10       8    0.00    0.00    1.00    0.00    0.00    0.00    0.00    0.00    0.00   99.00
04:14:10       9    0.00    0.00    0.00    0.00    0.00    0.00    0.00    0.00    0.00  100.00
04:14:10      10    0.00    0.00    1.01    0.00    0.00    0.00    0.00    0.00    0.00   98.99
04:14:10      11    0.00    0.00    0.00    0.00    0.00    0.00    0.00    0.00    0.00  100.00

Average:     CPU    %usr   %nice    %sys %iowait    %irq   %soft  %steal  %guest  %gnice   %idle
Average:     all    0.30    0.00    0.23    0.00    0.00    0.02    0.00    0.00    0.00   99.45
Average:       0    0.00    0.00    0.40    0.00    0.00    0.00    0.00    0.00    0.00   99.60
Average:       1    0.00    0.00    0.00    0.00    0.00    0.00    0.00    0.00    0.00  100.00
Average:       2    0.00    0.00    0.20    0.00    0.00    0.00    0.00    0.00    0.00   99.80
Average:       3    0.00    0.00    0.00    0.00    0.00    0.00    0.00    0.00    0.00  100.00
Average:       4    0.00    0.00    0.00    0.00    0.00    0.00    0.00    0.00    0.00  100.00
Average:       5    2.01    0.00    0.60    0.00    0.00    0.00    0.00    0.00    0.00   97.39
Average:       6    0.20    0.00    0.20    0.00    0.00    0.20    0.00    0.00    0.00   99.40
Average:       7    0.20    0.00    0.20    0.00    0.00    0.00    0.00    0.00    0.00   99.60
Average:       8    0.40    0.00    0.40    0.00    0.00    0.00    0.00    0.00    0.00   99.20
Average:       9    0.20    0.00    0.20    0.00    0.00    0.00    0.00    0.00    0.00   99.60
Average:      10    0.40    0.00    0.60    0.00    0.00    0.00    0.00    0.00    0.00   99.00
Average:      11    0.20    0.00    0.00    0.00    0.00    0.00    0.00    0.00    0.00   99.80
