Linux 5.14.0-611.34.1.el9_7.x86_64 (benchmark-server) 	08/29/26 	_x86_64_	(12 CPU)

04:34:53     CPU    %usr   %nice    %sys %iowait    %irq   %soft  %steal  %guest  %gnice   %idle
04:34:54     all    0.17    0.00    0.25    0.00    0.00    0.00    0.00    0.00    0.00   99.58
04:34:54       0    0.00    0.00    0.00    0.00    0.00    0.00    0.00    0.00    0.00  100.00
04:34:54       1    0.00    0.00    0.00    0.00    0.00    0.00    0.00    0.00    0.00  100.00
04:34:54       2    0.00    0.00    0.00    0.00    0.00    0.00    0.00    0.00    0.00  100.00
04:34:54       3    0.00    0.00    0.00    0.00    0.00    0.00    0.00    0.00    0.00  100.00
04:34:54       4    0.00    0.00    0.00    0.00    0.00    0.00    0.00    0.00    0.00  100.00
04:34:54       5    0.00    0.00    0.00    0.00    0.00    0.00    0.00    0.00    0.00  100.00
04:34:54       6    0.99    0.00    1.98    0.00    0.00    0.00    0.00    0.00    0.00   97.03
04:34:54       7    0.00    0.00    0.00    0.00    0.00    0.00    0.00    0.00    0.00  100.00
04:34:54       8    0.99    0.00    0.00    0.00    0.00    0.00    0.00    0.00    0.00   99.01
04:34:54       9    0.00    0.00    0.00    0.00    0.00    0.00    0.00    0.00    0.00  100.00
04:34:54      10    0.00    0.00    1.00    0.00    0.00    0.00    0.00    0.00    0.00   99.00
04:34:54      11    0.00    0.00    0.00    0.00    0.00    0.00    0.00    0.00    0.00  100.00

04:34:54     CPU    %usr   %nice    %sys %iowait    %irq   %soft  %steal  %guest  %gnice   %idle
04:34:55     all    1.92    0.00    0.33    0.00    0.08    0.00    0.00    0.00    0.00   97.67
04:34:55       0    0.00    0.00    1.00    0.00    0.00    0.00    0.00    0.00    0.00   99.00
04:34:55       1    0.00    0.00    0.00    0.00    0.99    0.00    0.00    0.00    0.00   99.01
04:34:55       2    2.00    0.00    0.00    0.00    0.00    0.00    0.00    0.00    0.00   98.00
04:34:55       3    4.00    0.00    0.00    0.00    0.00    0.00    0.00    0.00    0.00   96.00
04:34:55       4    0.99    0.00    0.99    0.00    0.00    0.00    0.00    0.00    0.00   98.02
04:34:55       5    1.00    0.00    0.00    0.00    0.00    0.00    0.00    0.00    0.00   99.00
04:34:55       6    0.00    0.00    0.00    0.00    0.00    0.00    0.00    0.00    0.00  100.00
04:34:55       7    0.00    0.00    0.00    0.00    0.00    0.00    0.00    0.00    0.00  100.00
04:34:55       8    0.00    0.00    0.00    0.00    0.00    0.00    0.00    0.00    0.00  100.00
04:34:55       9    5.05    0.00    0.00    0.00    0.00    0.00    0.00    0.00    0.00   94.95
04:34:55      10    1.00    0.00    0.00    0.00    0.00    0.00    0.00    0.00    0.00   99.00
04:34:55      11    9.00    0.00    2.00    0.00    0.00    0.00    0.00    0.00    0.00   89.00

04:34:55     CPU    %usr   %nice    %sys %iowait    %irq   %soft  %steal  %guest  %gnice   %idle
04:34:56     all    0.00    0.00    0.08    0.00    0.00    0.00    0.00    0.00    0.00   99.92
04:34:56       0    0.00    0.00    0.00    0.00    0.00    0.00    0.00    0.00    0.00  100.00
04:34:56       1    0.00    0.00    0.00    0.00    0.00    0.00    0.00    0.00    0.00  100.00
04:34:56       2    0.00    0.00    0.00    0.00    0.00    0.00    0.00    0.00    0.00  100.00
04:34:56       3    0.00    0.00    0.00    0.00    0.00    0.00    0.00    0.00    0.00  100.00
04:34:56       4    0.00    0.00    0.00    0.00    0.00    0.00    0.00    0.00    0.00  100.00
04:34:56       5    0.00    0.00    0.00    0.00    0.00    0.00    0.00    0.00    0.00  100.00
04:34:56       6    0.00    0.00    0.00    0.00    0.00    0.00    0.00    0.00    0.00  100.00
04:34:56       7    0.00    0.00    0.00    0.00    0.00    0.00    0.00    0.00    0.00  100.00
04:34:56       8    0.00    0.00    0.00    0.00    0.00    0.00    0.00    0.00    0.00  100.00
04:34:56       9    0.00    0.00    0.00    0.00    0.00    0.00    0.00    0.00    0.00  100.00
04:34:56      10    0.00    0.00    0.00    0.00    0.00    0.00    0.00    0.00    0.00  100.00
04:34:56      11    0.00    0.00    1.01    0.00    0.00    0.00    0.00    0.00    0.00   98.99

04:34:56     CPU    %usr   %nice    %sys %iowait    %irq   %soft  %steal  %guest  %gnice   %idle
04:34:57     all    0.17    0.00    0.17    0.00    0.00    0.00    0.00    0.00    0.00   99.67
04:34:57       0    0.00    0.00    0.00    0.00    0.00    0.00    0.00    0.00    0.00  100.00
04:34:57       1    0.00    0.00    0.00    0.00    0.00    0.00    0.00    0.00    0.00  100.00
04:34:57       2    0.00    0.00    0.00    0.00    0.00    0.00    0.00    0.00    0.00  100.00
04:34:57       3    0.00    0.00    0.00    0.00    0.00    0.00    0.00    0.00    0.00  100.00
04:34:57       4    0.00    0.00    0.00    0.00    0.00    0.00    0.00    0.00    0.00  100.00
04:34:57       5    0.00    0.00    0.00    0.00    0.00    0.00    0.00    0.00    0.00  100.00
04:34:57       6    0.00    0.00    0.00    0.00    0.00    0.00    0.00    0.00    0.00  100.00
04:34:57       7    0.00    0.00    0.00    0.00    0.00    0.00    0.00    0.00    0.00  100.00
04:34:57       8    0.00    0.00    0.00    0.00    0.00    0.00    0.00    0.00    0.00  100.00
04:34:57       9    0.00    0.00    0.00    0.00    0.00    0.00    0.00    0.00    0.00  100.00
04:34:57      10    0.98    0.00    0.98    0.00    0.00    0.00    0.00    0.00    0.00   98.04
04:34:57      11    0.99    0.00    0.99    0.00    0.00    0.00    0.00    0.00    0.00   98.02

04:34:57     CPU    %usr   %nice    %sys %iowait    %irq   %soft  %steal  %guest  %gnice   %idle
04:34:58     all    0.92    0.00    0.25    0.00    0.08    0.00    0.00    0.00    0.00   98.75
04:34:58       0    0.00    0.00    0.00    0.00    0.00    0.00    0.00    0.00    0.00  100.00
04:34:58       1    0.00    0.00    0.00    0.00    0.00    0.00    0.00    0.00    0.00  100.00
04:34:58       2    0.00    0.00    0.00    0.00    0.00    0.00    0.00    0.00    0.00  100.00
04:34:58       3    0.00    0.00    0.00    0.00    0.00    0.00    0.00    0.00    0.00  100.00
04:34:58       4    0.00    0.00    0.00    0.00    0.00    0.00    0.00    0.00    0.00  100.00
04:34:58       5    0.00    0.00    1.01    0.00    0.00    0.00    0.00    0.00    0.00   98.99
04:34:58       6    0.00    0.00    0.00    0.00    0.00    0.00    0.00    0.00    0.00  100.00
04:34:58       7    9.90    0.00    1.98    0.00    0.00    0.00    0.00    0.00    0.00   88.12
04:34:58       8    0.00    0.00    0.00    0.00    0.00    0.00    0.00    0.00    0.00  100.00
04:34:58       9    0.99    0.00    0.00    0.00    0.00    0.00    0.00    0.00    0.00   99.01
04:34:58      10    0.00    0.00    0.00    0.00    1.00    0.00    0.00    0.00    0.00   99.00
04:34:58      11    0.00    0.00    0.00    0.00    0.00    0.00    0.00    0.00    0.00  100.00

Average:     CPU    %usr   %nice    %sys %iowait    %irq   %soft  %steal  %guest  %gnice   %idle
Average:     all    0.63    0.00    0.22    0.00    0.03    0.00    0.00    0.00    0.00   99.12
Average:       0    0.00    0.00    0.20    0.00    0.00    0.00    0.00    0.00    0.00   99.80
Average:       1    0.00    0.00    0.00    0.00    0.20    0.00    0.00    0.00    0.00   99.80
Average:       2    0.40    0.00    0.00    0.00    0.00    0.00    0.00    0.00    0.00   99.60
Average:       3    0.80    0.00    0.00    0.00    0.00    0.00    0.00    0.00    0.00   99.20
Average:       4    0.20    0.00    0.20    0.00    0.00    0.00    0.00    0.00    0.00   99.60
Average:       5    0.20    0.00    0.20    0.00    0.00    0.00    0.00    0.00    0.00   99.60
Average:       6    0.20    0.00    0.40    0.00    0.00    0.00    0.00    0.00    0.00   99.40
Average:       7    2.00    0.00    0.40    0.00    0.00    0.00    0.00    0.00    0.00   97.60
Average:       8    0.20    0.00    0.00    0.00    0.00    0.00    0.00    0.00    0.00   99.80
Average:       9    1.20    0.00    0.00    0.00    0.00    0.00    0.00    0.00    0.00   98.80
Average:      10    0.40    0.00    0.40    0.00    0.20    0.00    0.00    0.00    0.00   99.00
Average:      11    2.01    0.00    0.80    0.00    0.00    0.00    0.00    0.00    0.00   97.19
