Linux 5.14.0-611.34.1.el9_7.x86_64 (benchmark-server) 	08/29/26 	_x86_64_	(12 CPU)

03:49:48     CPU    %usr   %nice    %sys %iowait    %irq   %soft  %steal  %guest  %gnice   %idle
03:49:49     all    0.17    0.00    0.25    0.00    0.00    0.00    0.00    0.00    0.00   99.58
03:49:49       0    0.00    0.00    0.99    0.00    0.00    0.00    0.00    0.00    0.00   99.01
03:49:49       1    0.00    0.00    0.00    0.00    0.00    0.00    0.00    0.00    0.00  100.00
03:49:49       2    0.99    0.00    0.99    0.00    0.00    0.00    0.00    0.00    0.00   98.02
03:49:49       3    0.00    0.00    0.00    0.00    0.00    0.00    0.00    0.00    0.00  100.00
03:49:49       4    0.00    0.00    0.00    0.00    0.00    0.00    0.00    0.00    0.00  100.00
03:49:49       5    0.00    0.00    0.00    0.00    0.00    0.00    0.00    0.00    0.00  100.00
03:49:49       6    0.00    0.00    0.00    0.00    0.00    0.00    0.00    0.00    0.00  100.00
03:49:49       7    0.99    0.00    0.00    0.00    0.00    0.00    0.00    0.00    0.00   99.01
03:49:49       8    0.00    0.00    0.00    0.00    0.00    0.00    0.00    0.00    0.00  100.00
03:49:49       9    0.00    0.00    0.00    0.00    0.00    0.00    0.00    0.00    0.00  100.00
03:49:49      10    0.00    0.00    0.00    0.00    0.00    0.00    0.00    0.00    0.00  100.00
03:49:49      11    0.00    0.00    1.00    0.00    0.00    0.00    0.00    0.00    0.00   99.00

03:49:49     CPU    %usr   %nice    %sys %iowait    %irq   %soft  %steal  %guest  %gnice   %idle
03:49:50     all    0.25    0.00    0.08    0.00    0.00    0.00    0.00    0.00    0.00   99.67
03:49:50       0    0.00    0.00    0.00    0.00    0.00    0.00    0.00    0.00    0.00  100.00
03:49:50       1    0.99    0.00    0.99    0.00    0.00    0.00    0.00    0.00    0.00   98.02
03:49:50       2    0.00    0.00    0.00    0.00    0.00    0.00    0.00    0.00    0.00  100.00
03:49:50       3    0.99    0.00    0.00    0.00    0.00    0.00    0.00    0.00    0.00   99.01
03:49:50       4    0.00    0.00    0.00    0.00    0.00    0.00    0.00    0.00    0.00  100.00
03:49:50       5    0.00    0.00    0.00    0.00    0.00    0.00    0.00    0.00    0.00  100.00
03:49:50       6    0.00    0.00    0.00    0.00    0.00    0.00    0.00    0.00    0.00  100.00
03:49:50       7    0.00    0.00    0.00    0.00    0.00    0.00    0.00    0.00    0.00  100.00
03:49:50       8    0.00    0.00    0.00    0.00    0.00    0.00    0.00    0.00    0.00  100.00
03:49:50       9    0.00    0.00    0.00    0.00    0.00    0.00    0.00    0.00    0.00  100.00
03:49:50      10    0.00    0.00    0.00    0.00    0.00    0.00    0.00    0.00    0.00  100.00
03:49:50      11    0.99    0.00    0.00    0.00    0.00    0.00    0.00    0.00    0.00   99.01

03:49:50     CPU    %usr   %nice    %sys %iowait    %irq   %soft  %steal  %guest  %gnice   %idle
03:49:51     all    0.25    0.00    0.17    0.00    0.00    0.00    0.00    0.00    0.00   99.58
03:49:51       0    0.00    0.00    0.00    0.00    0.00    0.00    0.00    0.00    0.00  100.00
03:49:51       1    0.00    0.00    0.00    0.00    0.00    0.00    0.00    0.00    0.00  100.00
03:49:51       2    0.00    0.00    0.00    0.00    0.00    0.00    0.00    0.00    0.00  100.00
03:49:51       3    0.00    0.00    0.00    0.00    0.00    0.00    0.00    0.00    0.00  100.00
03:49:51       4    0.00    0.00    0.00    0.00    0.00    0.00    0.00    0.00    0.00  100.00
03:49:51       5    0.00    0.00    0.00    0.00    0.00    0.00    0.00    0.00    0.00  100.00
03:49:51       6    0.99    0.00    0.99    0.00    0.00    0.00    0.00    0.00    0.00   98.02
03:49:51       7    0.00    0.00    0.00    0.00    0.00    0.00    0.00    0.00    0.00  100.00
03:49:51       8    0.00    0.00    0.00    0.00    0.00    0.00    0.00    0.00    0.00  100.00
03:49:51       9    0.99    0.00    0.00    0.00    0.00    0.00    0.00    0.00    0.00   99.01
03:49:51      10    0.99    0.00    0.00    0.00    0.00    0.00    0.00    0.00    0.00   99.01
03:49:51      11    0.00    0.00    1.00    0.00    0.00    0.00    0.00    0.00    0.00   99.00

03:49:51     CPU    %usr   %nice    %sys %iowait    %irq   %soft  %steal  %guest  %gnice   %idle
03:49:52     all    0.00    0.00    0.08    0.00    0.00    0.00    0.00    0.00    0.00   99.92
03:49:52       0    0.00    0.00    0.00    0.00    0.00    0.00    0.00    0.00    0.00  100.00
03:49:52       1    0.00    0.00    0.00    0.00    0.00    0.00    0.00    0.00    0.00  100.00
03:49:52       2    0.00    0.00    0.00    0.00    0.00    0.00    0.00    0.00    0.00  100.00
03:49:52       3    0.00    0.00    0.00    0.00    0.00    0.00    0.00    0.00    0.00  100.00
03:49:52       4    0.00    0.00    0.00    0.00    0.00    0.00    0.00    0.00    0.00  100.00
03:49:52       5    0.00    0.00    0.00    0.00    0.00    0.00    0.00    0.00    0.00  100.00
03:49:52       6    0.00    0.00    1.01    0.00    0.00    0.00    0.00    0.00    0.00   98.99
03:49:52       7    0.00    0.00    0.00    0.00    0.00    0.00    0.00    0.00    0.00  100.00
03:49:52       8    0.00    0.00    0.00    0.00    0.00    0.00    0.00    0.00    0.00  100.00
03:49:52       9    0.00    0.00    0.00    0.00    0.00    0.00    0.00    0.00    0.00  100.00
03:49:52      10    0.00    0.00    0.00    0.00    0.00    0.00    0.00    0.00    0.00  100.00
03:49:52      11    0.00    0.00    0.00    0.00    0.00    0.00    0.00    0.00    0.00  100.00

03:49:52     CPU    %usr   %nice    %sys %iowait    %irq   %soft  %steal  %guest  %gnice   %idle
03:49:53     all    0.25    0.00    0.25    0.00    0.00    0.00    0.00    0.00    0.00   99.50
03:49:53       0    1.98    0.00    0.99    0.00    0.00    0.00    0.00    0.00    0.00   97.03
03:49:53       1    0.00    0.00    0.00    0.00    0.00    0.00    0.00    0.00    0.00  100.00
03:49:53       2    0.00    0.00    0.00    0.00    0.00    0.00    0.00    0.00    0.00  100.00
03:49:53       3    0.00    0.00    0.00    0.00    0.00    0.00    0.00    0.00    0.00  100.00
03:49:53       4    0.00    0.00    0.00    0.00    0.00    0.00    0.00    0.00    0.00  100.00
03:49:53       5    0.00    0.00    0.00    0.00    0.00    0.00    0.00    0.00    0.00  100.00
03:49:53       6    0.00    0.00    0.00    0.00    0.00    0.00    0.00    0.00    0.00  100.00
03:49:53       7    0.00    0.00    0.00    0.00    0.00    0.00    0.00    0.00    0.00  100.00
03:49:53       8    0.00    0.00    0.00    0.00    0.00    0.00    0.00    0.00    0.00  100.00
03:49:53       9    0.00    0.00    0.00    0.00    0.00    0.00    0.00    0.00    0.00  100.00
03:49:53      10    0.00    0.00    1.00    0.00    0.00    0.00    0.00    0.00    0.00   99.00
03:49:53      11    0.99    0.00    0.99    0.00    0.00    0.00    0.00    0.00    0.00   98.02

Average:     CPU    %usr   %nice    %sys %iowait    %irq   %soft  %steal  %guest  %gnice   %idle
Average:     all    0.18    0.00    0.17    0.00    0.00    0.00    0.00    0.00    0.00   99.65
Average:       0    0.40    0.00    0.40    0.00    0.00    0.00    0.00    0.00    0.00   99.20
Average:       1    0.20    0.00    0.20    0.00    0.00    0.00    0.00    0.00    0.00   99.60
Average:       2    0.20    0.00    0.20    0.00    0.00    0.00    0.00    0.00    0.00   99.60
Average:       3    0.20    0.00    0.00    0.00    0.00    0.00    0.00    0.00    0.00   99.80
Average:       4    0.00    0.00    0.00    0.00    0.00    0.00    0.00    0.00    0.00  100.00
Average:       5    0.00    0.00    0.00    0.00    0.00    0.00    0.00    0.00    0.00  100.00
Average:       6    0.20    0.00    0.40    0.00    0.00    0.00    0.00    0.00    0.00   99.40
Average:       7    0.20    0.00    0.00    0.00    0.00    0.00    0.00    0.00    0.00   99.80
Average:       8    0.00    0.00    0.00    0.00    0.00    0.00    0.00    0.00    0.00  100.00
Average:       9    0.20    0.00    0.00    0.00    0.00    0.00    0.00    0.00    0.00   99.80
Average:      10    0.20    0.00    0.20    0.00    0.00    0.00    0.00    0.00    0.00   99.60
Average:      11    0.40    0.00    0.60    0.00    0.00    0.00    0.00    0.00    0.00   99.00
