Linux 5.14.0-611.34.1.el9_7.x86_64 (benchmark-server) 	08/29/26 	_x86_64_	(12 CPU)

03:53:53     CPU    %usr   %nice    %sys %iowait    %irq   %soft  %steal  %guest  %gnice   %idle
03:53:54     all    2.43    0.00    0.33    0.00    0.08    0.00    0.00    0.00    0.00   97.15
03:53:54       0    0.00    0.00    0.00    0.00    0.00    0.00    0.00    0.00    0.00  100.00
03:53:54       1    4.95    0.00    0.99    0.00    0.00    0.00    0.00    0.00    0.00   94.06
03:53:54       2    2.00    0.00    0.00    0.00    0.00    0.00    0.00    0.00    0.00   98.00
03:53:54       3    0.00    0.00    0.00    0.00    0.00    0.00    0.00    0.00    0.00  100.00
03:53:54       4    0.00    0.00    0.00    0.00    0.00    0.00    0.00    0.00    0.00  100.00
03:53:54       5    0.00    0.00    0.00    0.00    0.00    0.00    0.00    0.00    0.00  100.00
03:53:54       6    8.00    0.00    1.00    0.00    1.00    0.00    0.00    0.00    0.00   90.00
03:53:54       7    3.03    0.00    0.00    0.00    0.00    0.00    0.00    0.00    0.00   96.97
03:53:54       8    3.03    0.00    0.00    0.00    0.00    0.00    0.00    0.00    0.00   96.97
03:53:54       9    5.05    0.00    1.01    0.00    0.00    0.00    0.00    0.00    0.00   93.94
03:53:54      10    3.03    0.00    0.00    0.00    0.00    0.00    0.00    0.00    0.00   96.97
03:53:54      11    0.00    0.00    1.01    0.00    0.00    0.00    0.00    0.00    0.00   98.99

03:53:54     CPU    %usr   %nice    %sys %iowait    %irq   %soft  %steal  %guest  %gnice   %idle
03:53:55     all    2.09    0.00    0.50    0.00    0.00    0.00    0.00    0.00    0.00   97.41
03:53:55       0    0.00    0.00    0.00    0.00    0.00    0.00    0.00    0.00    0.00  100.00
03:53:55       1    1.00    0.00    0.00    0.00    0.00    0.00    0.00    0.00    0.00   99.00
03:53:55       2    0.00    0.00    0.00    0.00    0.00    0.00    0.00    0.00    0.00  100.00
03:53:55       3    0.00    0.00    0.00    0.00    0.00    0.00    0.00    0.00    0.00  100.00
03:53:55       4    0.00    0.00    0.00    0.00    0.00    0.00    0.00    0.00    0.00  100.00
03:53:55       5    0.00    0.00    0.00    0.00    0.00    0.00    0.00    0.00    0.00  100.00
03:53:55       6    6.00    0.00    1.00    0.00    0.00    0.00    0.00    0.00    0.00   93.00
03:53:55       7    0.99    0.00    0.99    0.00    0.00    0.00    0.00    0.00    0.00   98.02
03:53:55       8    0.00    0.00    0.00    0.00    0.00    0.00    0.00    0.00    0.00  100.00
03:53:55       9    7.07    0.00    2.02    0.00    0.00    0.00    0.00    0.00    0.00   90.91
03:53:55      10    5.00    0.00    1.00    0.00    0.00    0.00    0.00    0.00    0.00   94.00
03:53:55      11    5.00    0.00    1.00    0.00    0.00    0.00    0.00    0.00    0.00   94.00

03:53:55     CPU    %usr   %nice    %sys %iowait    %irq   %soft  %steal  %guest  %gnice   %idle
03:53:56     all    2.42    0.00    0.50    0.00    0.00    0.00    0.00    0.00    0.00   97.08
03:53:56       0    0.00    0.00    0.00    0.00    0.00    0.00    0.00    0.00    0.00  100.00
03:53:56       1    0.00    0.00    0.00    0.00    0.00    0.00    0.00    0.00    0.00  100.00
03:53:56       2    0.00    0.00    0.00    0.00    0.00    0.00    0.00    0.00    0.00  100.00
03:53:56       3    0.00    0.00    0.00    0.00    0.00    0.00    0.00    0.00    0.00  100.00
03:53:56       4    0.00    0.00    0.00    0.00    0.00    0.00    0.00    0.00    0.00  100.00
03:53:56       5    0.00    0.00    0.00    0.00    0.00    0.00    0.00    0.00    0.00  100.00
03:53:56       6    7.92    0.00    1.98    0.00    0.00    0.00    0.00    0.00    0.00   90.10
03:53:56       7    1.00    0.00    0.00    0.00    0.00    0.00    0.00    0.00    0.00   99.00
03:53:56       8    5.00    0.00    1.00    0.00    0.00    0.00    0.00    0.00    0.00   94.00
03:53:56       9    5.00    0.00    2.00    0.00    0.00    0.00    0.00    0.00    0.00   93.00
03:53:56      10    7.07    0.00    1.01    0.00    0.00    0.00    0.00    0.00    0.00   91.92
03:53:56      11    3.03    0.00    0.00    0.00    0.00    0.00    0.00    0.00    0.00   96.97

03:53:56     CPU    %usr   %nice    %sys %iowait    %irq   %soft  %steal  %guest  %gnice   %idle
03:53:57     all    2.26    0.00    0.50    0.00    0.00    0.00    0.00    0.00    0.00   97.24
03:53:57       0    1.00    0.00    0.00    0.00    0.00    0.00    0.00    0.00    0.00   99.00
03:53:57       1    0.00    0.00    0.00    0.00    0.00    0.00    0.00    0.00    0.00  100.00
03:53:57       2    0.00    0.00    1.01    0.00    0.00    0.00    0.00    0.00    0.00   98.99
03:53:57       3    0.00    0.00    0.00    0.00    0.00    0.00    0.00    0.00    0.00  100.00
03:53:57       4    0.00    0.00    0.00    0.00    0.00    0.00    0.00    0.00    0.00  100.00
03:53:57       5    0.00    0.00    0.00    0.00    0.00    0.00    0.00    0.00    0.00  100.00
03:53:57       6    9.00    0.00    2.00    0.00    0.00    0.00    0.00    0.00    0.00   89.00
03:53:57       7    0.00    0.00    0.00    0.00    0.00    0.00    0.00    0.00    0.00  100.00
03:53:57       8    4.00    0.00    1.00    0.00    0.00    0.00    0.00    0.00    0.00   95.00
03:53:57       9    8.00    0.00    1.00    0.00    0.00    0.00    0.00    0.00    0.00   91.00
03:53:57      10    5.00    0.00    1.00    0.00    0.00    0.00    0.00    0.00    0.00   94.00
03:53:57      11    0.00    0.00    0.00    0.00    0.00    0.00    0.00    0.00    0.00  100.00

03:53:57     CPU    %usr   %nice    %sys %iowait    %irq   %soft  %steal  %guest  %gnice   %idle
03:53:58     all    2.09    0.00    0.42    0.00    0.00    0.00    0.00    0.00    0.00   97.49
03:53:58       0    3.03    0.00    0.00    0.00    0.00    0.00    0.00    0.00    0.00   96.97
03:53:58       1    0.00    0.00    0.00    0.00    0.00    0.00    0.00    0.00    0.00  100.00
03:53:58       2    0.00    0.00    0.99    0.00    0.00    0.00    0.00    0.00    0.00   99.01
03:53:58       3    0.00    0.00    0.00    0.00    0.00    0.00    0.00    0.00    0.00  100.00
03:53:58       4    0.00    0.00    0.00    0.00    0.00    0.00    0.00    0.00    0.00  100.00
03:53:58       5    0.00    0.00    0.00    0.00    0.00    0.00    0.00    0.00    0.00  100.00
03:53:58       6    6.06    0.00    1.01    0.00    0.00    0.00    0.00    0.00    0.00   92.93
03:53:58       7    0.00    0.00    0.00    0.00    0.00    0.00    0.00    0.00    0.00  100.00
03:53:58       8    0.00    0.00    0.00    0.00    0.00    0.00    0.00    0.00    0.00  100.00
03:53:58       9    7.07    0.00    2.02    0.00    0.00    0.00    0.00    0.00    0.00   90.91
03:53:58      10    9.00    0.00    1.00    0.00    0.00    0.00    0.00    0.00    0.00   90.00
03:53:58      11    0.00    0.00    0.00    0.00    0.00    0.00    0.00    0.00    0.00  100.00

Average:     CPU    %usr   %nice    %sys %iowait    %irq   %soft  %steal  %guest  %gnice   %idle
Average:     all    2.26    0.00    0.45    0.00    0.02    0.00    0.00    0.00    0.00   97.28
Average:       0    0.80    0.00    0.00    0.00    0.00    0.00    0.00    0.00    0.00   99.20
Average:       1    1.20    0.00    0.20    0.00    0.00    0.00    0.00    0.00    0.00   98.60
Average:       2    0.40    0.00    0.40    0.00    0.00    0.00    0.00    0.00    0.00   99.20
Average:       3    0.00    0.00    0.00    0.00    0.00    0.00    0.00    0.00    0.00  100.00
Average:       4    0.00    0.00    0.00    0.00    0.00    0.00    0.00    0.00    0.00  100.00
Average:       5    0.00    0.00    0.00    0.00    0.00    0.00    0.00    0.00    0.00  100.00
Average:       6    7.40    0.00    1.40    0.00    0.20    0.00    0.00    0.00    0.00   91.00
Average:       7    1.00    0.00    0.20    0.00    0.00    0.00    0.00    0.00    0.00   98.80
Average:       8    2.41    0.00    0.40    0.00    0.00    0.00    0.00    0.00    0.00   97.19
Average:       9    6.44    0.00    1.61    0.00    0.00    0.00    0.00    0.00    0.00   91.95
Average:      10    5.82    0.00    0.80    0.00    0.00    0.00    0.00    0.00    0.00   93.37
Average:      11    1.61    0.00    0.40    0.00    0.00    0.00    0.00    0.00    0.00   97.99
