Linux 5.14.0-611.34.1.el9_7.x86_64 (benchmark-server) 	08/29/26 	_x86_64_	(12 CPU)

03:52:18     CPU    %usr   %nice    %sys %iowait    %irq   %soft  %steal  %guest  %gnice   %idle
03:52:19     all    0.25    0.00    0.25    0.00    0.00    0.00    0.00    0.00    0.00   99.50
03:52:19       0    0.00    0.00    1.01    0.00    0.00    0.00    0.00    0.00    0.00   98.99
03:52:19       1    0.00    0.00    0.00    0.00    0.00    0.00    0.00    0.00    0.00  100.00
03:52:19       2    0.00    0.00    0.00    0.00    0.00    0.00    0.00    0.00    0.00  100.00
03:52:19       3    2.00    0.00    1.00    0.00    0.00    0.00    0.00    0.00    0.00   97.00
03:52:19       4    0.00    0.00    0.00    0.00    0.00    0.00    0.00    0.00    0.00  100.00
03:52:19       5    0.00    0.00    0.00    0.00    0.00    0.00    0.00    0.00    0.00  100.00
03:52:19       6    0.00    0.00    0.99    0.00    0.00    0.00    0.00    0.00    0.00   99.01
03:52:19       7    0.00    0.00    0.00    0.00    0.00    0.00    0.00    0.00    0.00  100.00
03:52:19       8    0.00    0.00    0.00    0.00    0.00    0.00    0.00    0.00    0.00  100.00
03:52:19       9    0.99    0.00    0.00    0.00    0.00    0.00    0.00    0.00    0.00   99.01
03:52:19      10    0.00    0.00    0.00    0.00    0.00    0.00    0.00    0.00    0.00  100.00
03:52:19      11    0.00    0.00    0.00    0.00    0.00    0.00    0.00    0.00    0.00  100.00

03:52:19     CPU    %usr   %nice    %sys %iowait    %irq   %soft  %steal  %guest  %gnice   %idle
03:52:20     all    0.17    0.00    0.17    0.00    0.08    0.00    0.00    0.00    0.00   99.58
03:52:20       0    0.00    0.00    1.00    0.00    0.00    0.00    0.00    0.00    0.00   99.00
03:52:20       1    0.00    0.00    0.00    0.00    0.00    0.00    0.00    0.00    0.00  100.00
03:52:20       2    0.00    0.00    0.00    0.00    0.00    0.00    0.00    0.00    0.00  100.00
03:52:20       3    0.00    0.00    0.00    0.00    0.00    0.00    0.00    0.00    0.00  100.00
03:52:20       4    0.00    0.00    0.00    0.00    0.00    0.00    0.00    0.00    0.00  100.00
03:52:20       5    0.00    0.00    0.00    0.00    0.00    0.00    0.00    0.00    0.00  100.00
03:52:20       6    0.00    0.00    0.00    0.00    0.00    0.00    0.00    0.00    0.00  100.00
03:52:20       7    0.00    0.00    0.00    0.00    0.00    0.00    0.00    0.00    0.00  100.00
03:52:20       8    0.00    0.00    0.00    0.00    0.00    0.00    0.00    0.00    0.00  100.00
03:52:20       9    0.00    0.00    0.00    0.00    0.00    0.00    0.00    0.00    0.00  100.00
03:52:20      10    0.99    0.00    0.00    0.00    0.00    0.00    0.00    0.00    0.00   99.01
03:52:20      11    0.98    0.00    0.98    0.00    0.98    0.00    0.00    0.00    0.00   97.06

03:52:20     CPU    %usr   %nice    %sys %iowait    %irq   %soft  %steal  %guest  %gnice   %idle
03:52:21     all    0.08    0.00    0.08    0.00    0.00    0.00    0.00    0.00    0.00   99.83
03:52:21       0    1.00    0.00    1.00    0.00    0.00    0.00    0.00    0.00    0.00   98.00
03:52:21       1    0.00    0.00    0.00    0.00    0.00    0.00    0.00    0.00    0.00  100.00
03:52:21       2    0.00    0.00    0.00    0.00    0.00    0.00    0.00    0.00    0.00  100.00
03:52:21       3    0.00    0.00    0.00    0.00    0.00    0.00    0.00    0.00    0.00  100.00
03:52:21       4    0.00    0.00    0.00    0.00    0.00    0.00    0.00    0.00    0.00  100.00
03:52:21       5    0.00    0.00    0.00    0.00    0.00    0.00    0.00    0.00    0.00  100.00
03:52:21       6    0.00    0.00    0.00    0.00    0.00    0.00    0.00    0.00    0.00  100.00
03:52:21       7    0.00    0.00    0.00    0.00    0.00    0.00    0.00    0.00    0.00  100.00
03:52:21       8    0.00    0.00    0.00    0.00    0.00    0.00    0.00    0.00    0.00  100.00
03:52:21       9    0.00    0.00    0.00    0.00    0.00    0.00    0.00    0.00    0.00  100.00
03:52:21      10    0.00    0.00    0.00    0.00    0.00    0.00    0.00    0.00    0.00  100.00
03:52:21      11    0.00    0.00    0.00    0.00    0.00    0.00    0.00    0.00    0.00  100.00

03:52:21     CPU    %usr   %nice    %sys %iowait    %irq   %soft  %steal  %guest  %gnice   %idle
03:52:22     all    0.08    0.00    0.17    0.00    0.00    0.00    0.00    0.00    0.00   99.75
03:52:22       0    0.00    0.00    0.99    0.00    0.00    0.00    0.00    0.00    0.00   99.01
03:52:22       1    0.00    0.00    0.00    0.00    0.00    0.00    0.00    0.00    0.00  100.00
03:52:22       2    0.00    0.00    0.00    0.00    0.00    0.00    0.00    0.00    0.00  100.00
03:52:22       3    0.00    0.00    0.00    0.00    0.00    0.00    0.00    0.00    0.00  100.00
03:52:22       4    0.00    0.00    0.00    0.00    0.00    0.00    0.00    0.00    0.00  100.00
03:52:22       5    0.00    0.00    0.00    0.00    0.00    0.00    0.00    0.00    0.00  100.00
03:52:22       6    0.00    0.00    0.00    0.00    0.00    0.00    0.00    0.00    0.00  100.00
03:52:22       7    0.00    0.00    1.00    0.00    0.00    0.00    0.00    0.00    0.00   99.00
03:52:22       8    0.00    0.00    0.00    0.00    0.00    0.00    0.00    0.00    0.00  100.00
03:52:22       9    0.00    0.00    0.00    0.00    0.00    0.00    0.00    0.00    0.00  100.00
03:52:22      10    0.00    0.00    0.00    0.00    0.00    0.00    0.00    0.00    0.00  100.00
03:52:22      11    0.99    0.00    0.00    0.00    0.00    0.00    0.00    0.00    0.00   99.01

03:52:22     CPU    %usr   %nice    %sys %iowait    %irq   %soft  %steal  %guest  %gnice   %idle
03:52:23     all    0.08    0.00    0.17    0.00    0.00    0.00    0.00    0.00    0.00   99.75
03:52:23       0    0.00    0.00    1.01    0.00    0.00    0.00    0.00    0.00    0.00   98.99
03:52:23       1    0.00    0.00    0.00    0.00    0.00    0.00    0.00    0.00    0.00  100.00
03:52:23       2    0.00    0.00    0.00    0.00    0.00    0.00    0.00    0.00    0.00  100.00
03:52:23       3    0.00    0.00    0.00    0.00    0.00    0.00    0.00    0.00    0.00  100.00
03:52:23       4    0.00    0.00    0.00    0.00    0.00    0.00    0.00    0.00    0.00  100.00
03:52:23       5    0.00    0.00    0.00    0.00    0.00    0.00    0.00    0.00    0.00  100.00
03:52:23       6    0.00    0.00    0.00    0.00    0.00    0.00    0.00    0.00    0.00  100.00
03:52:23       7    0.00    0.00    0.00    0.00    0.00    0.00    0.00    0.00    0.00  100.00
03:52:23       8    0.00    0.00    0.00    0.00    0.00    0.00    0.00    0.00    0.00  100.00
03:52:23       9    0.00    0.00    0.00    0.00    0.00    0.00    0.00    0.00    0.00  100.00
03:52:23      10    0.00    0.00    0.00    0.00    0.00    0.00    0.00    0.00    0.00  100.00
03:52:23      11    1.00    0.00    1.00    0.00    0.00    0.00    0.00    0.00    0.00   98.00

Average:     CPU    %usr   %nice    %sys %iowait    %irq   %soft  %steal  %guest  %gnice   %idle
Average:     all    0.13    0.00    0.17    0.00    0.02    0.00    0.00    0.00    0.00   99.68
Average:       0    0.20    0.00    1.00    0.00    0.00    0.00    0.00    0.00    0.00   98.80
Average:       1    0.00    0.00    0.00    0.00    0.00    0.00    0.00    0.00    0.00  100.00
Average:       2    0.00    0.00    0.00    0.00    0.00    0.00    0.00    0.00    0.00  100.00
Average:       3    0.40    0.00    0.20    0.00    0.00    0.00    0.00    0.00    0.00   99.40
Average:       4    0.00    0.00    0.00    0.00    0.00    0.00    0.00    0.00    0.00  100.00
Average:       5    0.00    0.00    0.00    0.00    0.00    0.00    0.00    0.00    0.00  100.00
Average:       6    0.00    0.00    0.20    0.00    0.00    0.00    0.00    0.00    0.00   99.80
Average:       7    0.00    0.00    0.20    0.00    0.00    0.00    0.00    0.00    0.00   99.80
Average:       8    0.00    0.00    0.00    0.00    0.00    0.00    0.00    0.00    0.00  100.00
Average:       9    0.20    0.00    0.00    0.00    0.00    0.00    0.00    0.00    0.00   99.80
Average:      10    0.20    0.00    0.00    0.00    0.00    0.00    0.00    0.00    0.00   99.80
Average:      11    0.60    0.00    0.40    0.00    0.20    0.00    0.00    0.00    0.00   98.80
