Linux 5.14.0-611.34.1.el9_7.x86_64 (benchmark-server) 	08/29/26 	_x86_64_	(12 CPU)

05:47:58     CPU    %usr   %nice    %sys %iowait    %irq   %soft  %steal  %guest  %gnice   %idle
05:47:59     all    0.33    0.00    0.25    0.00    0.00    0.00    0.00    0.00    0.00   99.42
05:47:59       0    0.99    0.00    1.98    0.00    0.00    0.00    0.00    0.00    0.00   97.03
05:47:59       1    0.00    0.00    0.00    0.00    0.00    0.00    0.00    0.00    0.00  100.00
05:47:59       2    0.00    0.00    0.00    0.00    0.00    0.00    0.00    0.00    0.00  100.00
05:47:59       3    0.00    0.00    0.00    0.00    0.00    0.00    0.00    0.00    0.00  100.00
05:47:59       4    0.00    0.00    0.00    0.00    0.00    0.00    0.00    0.00    0.00  100.00
05:47:59       5    0.00    0.00    0.00    0.00    0.00    0.00    0.00    0.00    0.00  100.00
05:47:59       6    0.00    0.00    0.00    0.00    0.00    0.00    0.00    0.00    0.00  100.00
05:47:59       7    0.00    0.00    0.00    0.00    0.00    0.00    0.00    0.00    0.00  100.00
05:47:59       8    1.00    0.00    1.00    0.00    0.00    0.00    0.00    0.00    0.00   98.00
05:47:59       9    0.99    0.00    0.00    0.00    0.00    0.00    0.00    0.00    0.00   99.01
05:47:59      10    1.00    0.00    0.00    0.00    0.00    0.00    0.00    0.00    0.00   99.00
05:47:59      11    0.00    0.00    0.00    0.00    0.00    0.00    0.00    0.00    0.00  100.00

05:47:59     CPU    %usr   %nice    %sys %iowait    %irq   %soft  %steal  %guest  %gnice   %idle
05:48:00     all    0.17    0.00    0.17    0.00    0.00    0.00    0.00    0.00    0.00   99.67
05:48:00       0    0.00    0.00    1.00    0.00    0.00    0.00    0.00    0.00    0.00   99.00
05:48:00       1    0.00    0.00    0.00    0.00    0.00    0.00    0.00    0.00    0.00  100.00
05:48:00       2    0.00    0.00    0.00    0.00    0.00    0.00    0.00    0.00    0.00  100.00
05:48:00       3    0.00    0.00    0.00    0.00    0.00    0.00    0.00    0.00    0.00  100.00
05:48:00       4    0.00    0.00    0.00    0.00    0.00    0.00    0.00    0.00    0.00  100.00
05:48:00       5    0.00    0.00    0.00    0.00    0.00    0.00    0.00    0.00    0.00  100.00
05:48:00       6    0.00    0.00    0.00    0.00    0.00    0.00    0.00    0.00    0.00  100.00
05:48:00       7    0.00    0.00    0.00    0.00    0.00    0.00    0.00    0.00    0.00  100.00
05:48:00       8    0.99    0.00    0.00    0.00    0.00    0.00    0.00    0.00    0.00   99.01
05:48:00       9    0.00    0.00    1.00    0.00    0.00    0.00    0.00    0.00    0.00   99.00
05:48:00      10    0.00    0.00    0.00    0.00    0.00    0.00    0.00    0.00    0.00  100.00
05:48:00      11    0.99    0.00    0.00    0.00    0.00    0.00    0.00    0.00    0.00   99.01

05:48:00     CPU    %usr   %nice    %sys %iowait    %irq   %soft  %steal  %guest  %gnice   %idle
05:48:01     all    2.17    0.00    0.92    0.00    0.00    0.00    0.00    0.00    0.00   96.91
05:48:01       0    7.00    0.00    3.00    0.00    0.00    0.00    0.00    0.00    0.00   90.00
05:48:01       1    0.00    0.00    0.99    0.00    0.00    0.00    0.00    0.00    0.00   99.01
05:48:01       2    0.00    0.00    0.00    0.00    0.00    0.00    0.00    0.00    0.00  100.00
05:48:01       3    8.08    0.00    1.01    0.00    0.00    0.00    0.00    0.00    0.00   90.91
05:48:01       4    1.00    0.00    0.00    0.00    0.00    0.00    0.00    0.00    0.00   99.00
05:48:01       5    0.00    0.00    0.00    0.00    0.00    0.00    0.00    0.00    0.00  100.00
05:48:01       6    0.00    0.00    0.00    0.00    0.00    0.00    0.00    0.00    0.00  100.00
05:48:01       7    0.00    0.00    0.00    0.00    0.00    0.00    0.00    0.00    0.00  100.00
05:48:01       8    0.00    0.00    1.01    0.00    0.00    0.00    0.00    0.00    0.00   98.99
05:48:01       9    1.01    0.00    1.01    0.00    0.00    0.00    0.00    0.00    0.00   97.98
05:48:01      10    9.00    0.00    3.00    0.00    0.00    0.00    0.00    0.00    0.00   88.00
05:48:01      11    0.00    0.00    1.01    0.00    0.00    0.00    0.00    0.00    0.00   98.99

05:48:01     CPU    %usr   %nice    %sys %iowait    %irq   %soft  %steal  %guest  %gnice   %idle
05:48:02     all    0.33    0.00    0.50    0.00    0.00    0.00    0.00    0.00    0.00   99.17
05:48:02       0    0.00    0.00    0.00    0.00    0.00    0.00    0.00    0.00    0.00  100.00
05:48:02       1    0.00    0.00    0.00    0.00    0.00    0.00    0.00    0.00    0.00  100.00
05:48:02       2    0.00    0.00    0.00    0.00    0.00    0.00    0.00    0.00    0.00  100.00
05:48:02       3    2.00    0.00    1.00    0.00    0.00    0.00    0.00    0.00    0.00   97.00
05:48:02       4    0.00    0.00    0.99    0.00    0.00    0.00    0.00    0.00    0.00   99.01
05:48:02       5    0.00    0.00    0.00    0.00    0.00    0.00    0.00    0.00    0.00  100.00
05:48:02       6    0.00    0.00    0.00    0.00    0.00    0.00    0.00    0.00    0.00  100.00
05:48:02       7    0.00    0.00    1.00    0.00    0.00    0.00    0.00    0.00    0.00   99.00
05:48:02       8    0.00    0.00    0.00    0.00    0.00    0.00    0.00    0.00    0.00  100.00
05:48:02       9    0.00    0.00    1.00    0.00    0.00    0.00    0.00    0.00    0.00   99.00
05:48:02      10    2.00    0.00    2.00    0.00    0.00    0.00    0.00    0.00    0.00   96.00
05:48:02      11    0.00    0.00    0.00    0.00    0.00    0.00    0.00    0.00    0.00  100.00

05:48:02     CPU    %usr   %nice    %sys %iowait    %irq   %soft  %steal  %guest  %gnice   %idle
05:48:03     all    0.17    0.00    0.08    0.00    0.00    0.08    0.00    0.00    0.00   99.67
05:48:03       0    0.00    0.00    0.00    0.00    0.00    0.00    0.00    0.00    0.00  100.00
05:48:03       1    0.00    0.00    1.01    0.00    0.00    0.00    0.00    0.00    0.00   98.99
05:48:03       2    0.00    0.00    0.00    0.00    0.00    0.00    0.00    0.00    0.00  100.00
05:48:03       3    0.00    0.00    0.00    0.00    0.00    0.99    0.00    0.00    0.00   99.01
05:48:03       4    0.00    0.00    0.00    0.00    0.00    0.00    0.00    0.00    0.00  100.00
05:48:03       5    0.00    0.00    0.00    0.00    0.00    0.00    0.00    0.00    0.00  100.00
05:48:03       6    0.00    0.00    0.00    0.00    0.00    0.00    0.00    0.00    0.00  100.00
05:48:03       7    0.00    0.00    0.00    0.00    0.00    0.00    0.00    0.00    0.00  100.00
05:48:03       8    0.00    0.00    0.00    0.00    0.00    0.00    0.00    0.00    0.00  100.00
05:48:03       9    1.00    0.00    0.00    0.00    0.00    0.00    0.00    0.00    0.00   99.00
05:48:03      10    0.00    0.00    0.00    0.00    0.00    0.00    0.00    0.00    0.00  100.00
05:48:03      11    1.00    0.00    0.00    0.00    0.00    0.00    0.00    0.00    0.00   99.00

Average:     CPU    %usr   %nice    %sys %iowait    %irq   %soft  %steal  %guest  %gnice   %idle
Average:     all    0.63    0.00    0.38    0.00    0.00    0.02    0.00    0.00    0.00   98.97
Average:       0    1.60    0.00    1.20    0.00    0.00    0.00    0.00    0.00    0.00   97.20
Average:       1    0.00    0.00    0.40    0.00    0.00    0.00    0.00    0.00    0.00   99.60
Average:       2    0.00    0.00    0.00    0.00    0.00    0.00    0.00    0.00    0.00  100.00
Average:       3    2.00    0.00    0.40    0.00    0.00    0.20    0.00    0.00    0.00   97.40
Average:       4    0.20    0.00    0.20    0.00    0.00    0.00    0.00    0.00    0.00   99.60
Average:       5    0.00    0.00    0.00    0.00    0.00    0.00    0.00    0.00    0.00  100.00
Average:       6    0.00    0.00    0.00    0.00    0.00    0.00    0.00    0.00    0.00  100.00
Average:       7    0.00    0.00    0.20    0.00    0.00    0.00    0.00    0.00    0.00   99.80
Average:       8    0.40    0.00    0.40    0.00    0.00    0.00    0.00    0.00    0.00   99.20
Average:       9    0.60    0.00    0.60    0.00    0.00    0.00    0.00    0.00    0.00   98.80
Average:      10    2.40    0.00    1.00    0.00    0.00    0.00    0.00    0.00    0.00   96.59
Average:      11    0.40    0.00    0.20    0.00    0.00    0.00    0.00    0.00    0.00   99.40
