Linux 5.14.0-611.34.1.el9_7.x86_64 (benchmark-server) 	08/29/26 	_x86_64_	(12 CPU)

05:47:00     CPU    %usr   %nice    %sys %iowait    %irq   %soft  %steal  %guest  %gnice   %idle
05:47:01     all    0.33    0.00    0.17    0.00    0.00    0.00    0.00    0.00    0.00   99.50
05:47:01       0    0.00    0.00    0.00    0.00    0.00    0.00    0.00    0.00    0.00  100.00
05:47:01       1    0.00    0.00    0.00    0.00    0.00    0.00    0.00    0.00    0.00  100.00
05:47:01       2    0.00    0.00    0.00    0.00    0.00    0.00    0.00    0.00    0.00  100.00
05:47:01       3    0.00    0.00    0.00    0.00    0.00    0.00    0.00    0.00    0.00  100.00
05:47:01       4    0.00    0.00    0.00    0.00    0.00    0.00    0.00    0.00    0.00  100.00
05:47:01       5    0.00    0.00    1.00    0.00    0.00    0.00    0.00    0.00    0.00   99.00
05:47:01       6    0.00    0.00    1.00    0.00    0.00    0.00    0.00    0.00    0.00   99.00
05:47:01       7    0.00    0.00    0.00    0.00    0.00    0.00    0.00    0.00    0.00  100.00
05:47:01       8    0.00    0.00    0.00    0.00    0.00    0.00    0.00    0.00    0.00  100.00
05:47:01       9    0.00    0.00    0.00    0.00    0.00    0.00    0.00    0.00    0.00  100.00
05:47:01      10    4.04    0.00    0.00    0.00    0.00    0.00    0.00    0.00    0.00   95.96
05:47:01      11    0.00    0.00    0.00    0.00    0.00    0.00    0.00    0.00    0.00  100.00

05:47:01     CPU    %usr   %nice    %sys %iowait    %irq   %soft  %steal  %guest  %gnice   %idle
05:47:02     all    2.83    0.00    1.25    0.00    0.08    0.00    0.00    0.00    0.00   95.84
05:47:02       0    5.05    0.00    2.02    0.00    0.00    0.00    0.00    0.00    0.00   92.93
05:47:02       1    0.99    0.00    0.00    0.00    0.99    0.00    0.00    0.00    0.00   98.02
05:47:02       2    0.00    0.00    0.00    0.00    0.00    0.00    0.00    0.00    0.00  100.00
05:47:02       3   12.12    0.00    4.04    0.00    0.00    0.00    0.00    0.00    0.00   83.84
05:47:02       4    1.00    0.00    0.00    0.00    0.00    0.00    0.00    0.00    0.00   99.00
05:47:02       5    0.99    0.00    0.99    0.00    0.00    0.00    0.00    0.00    0.00   98.02
05:47:02       6    1.00    0.00    1.00    0.00    0.00    0.00    0.00    0.00    0.00   98.00
05:47:02       7   10.00    0.00    4.00    0.00    0.00    0.00    0.00    0.00    0.00   86.00
05:47:02       8    0.00    0.00    1.01    0.00    0.00    0.00    0.00    0.00    0.00   98.99
05:47:02       9    1.00    0.00    0.00    0.00    0.00    0.00    0.00    0.00    0.00   99.00
05:47:02      10    0.99    0.00    0.99    0.00    0.00    0.00    0.00    0.00    0.00   98.02
05:47:02      11    0.99    0.00    0.99    0.00    0.00    0.00    0.00    0.00    0.00   98.02

05:47:02     CPU    %usr   %nice    %sys %iowait    %irq   %soft  %steal  %guest  %gnice   %idle
05:47:03     all    0.08    0.00    0.17    0.00    0.00    0.08    0.00    0.00    0.00   99.67
05:47:03       0    0.00    0.00    0.00    0.00    0.00    0.00    0.00    0.00    0.00  100.00
05:47:03       1    0.00    0.00    0.99    0.00    0.00    0.99    0.00    0.00    0.00   98.02
05:47:03       2    0.00    0.00    0.00    0.00    0.00    0.00    0.00    0.00    0.00  100.00
05:47:03       3    0.00    0.00    0.00    0.00    0.00    0.00    0.00    0.00    0.00  100.00
05:47:03       4    0.00    0.00    0.00    0.00    0.00    0.00    0.00    0.00    0.00  100.00
05:47:03       5    1.00    0.00    0.00    0.00    0.00    0.00    0.00    0.00    0.00   99.00
05:47:03       6    0.00    0.00    0.00    0.00    0.00    0.00    0.00    0.00    0.00  100.00
05:47:03       7    0.00    0.00    1.00    0.00    0.00    0.00    0.00    0.00    0.00   99.00
05:47:03       8    0.00    0.00    0.00    0.00    0.00    0.00    0.00    0.00    0.00  100.00
05:47:03       9    0.00    0.00    0.00    0.00    0.00    0.00    0.00    0.00    0.00  100.00
05:47:03      10    0.00    0.00    0.00    0.00    0.00    0.00    0.00    0.00    0.00  100.00
05:47:03      11    0.00    0.00    0.00    0.00    0.00    0.00    0.00    0.00    0.00  100.00

05:47:03     CPU    %usr   %nice    %sys %iowait    %irq   %soft  %steal  %guest  %gnice   %idle
05:47:04     all    0.00    0.00    0.17    0.00    0.08    0.00    0.00    0.00    0.00   99.75
05:47:04       0    0.00    0.00    0.00    0.00    0.00    0.00    0.00    0.00    0.00  100.00
05:47:04       1    0.00    0.00    0.00    0.00    0.00    0.00    0.00    0.00    0.00  100.00
05:47:04       2    0.00    0.00    0.00    0.00    0.00    0.00    0.00    0.00    0.00  100.00
05:47:04       3    0.00    0.00    0.00    0.00    0.00    0.00    0.00    0.00    0.00  100.00
05:47:04       4    0.00    0.00    0.99    0.00    0.00    0.00    0.00    0.00    0.00   99.01
05:47:04       5    0.00    0.00    0.00    0.00    0.00    0.00    0.00    0.00    0.00  100.00
05:47:04       6    0.00    0.00    1.00    0.00    0.00    0.00    0.00    0.00    0.00   99.00
05:47:04       7    0.00    0.00    0.00    0.00    0.00    0.00    0.00    0.00    0.00  100.00
05:47:04       8    0.00    0.00    0.00    0.00    0.00    0.00    0.00    0.00    0.00  100.00
05:47:04       9    0.00    0.00    0.00    0.00    0.99    0.00    0.00    0.00    0.00   99.01
05:47:04      10    0.00    0.00    0.00    0.00    0.00    0.00    0.00    0.00    0.00  100.00
05:47:04      11    0.00    0.00    0.00    0.00    0.00    0.00    0.00    0.00    0.00  100.00

05:47:04     CPU    %usr   %nice    %sys %iowait    %irq   %soft  %steal  %guest  %gnice   %idle
05:47:05     all    0.25    0.00    0.17    0.00    0.00    0.00    0.00    0.00    0.00   99.58
05:47:05       0    1.00    0.00    1.00    0.00    0.00    0.00    0.00    0.00    0.00   98.00
05:47:05       1    0.00    0.00    0.00    0.00    0.00    0.00    0.00    0.00    0.00  100.00
05:47:05       2    0.00    0.00    0.00    0.00    0.00    0.00    0.00    0.00    0.00  100.00
05:47:05       3    0.00    0.00    0.00    0.00    0.00    0.00    0.00    0.00    0.00  100.00
05:47:05       4    2.02    0.00    0.00    0.00    0.00    0.00    0.00    0.00    0.00   97.98
05:47:05       5    0.00    0.00    1.00    0.00    0.00    0.00    0.00    0.00    0.00   99.00
05:47:05       6    0.00    0.00    0.00    0.00    0.00    0.00    0.00    0.00    0.00  100.00
05:47:05       7    0.00    0.00    0.00    0.00    0.00    0.00    0.00    0.00    0.00  100.00
05:47:05       8    0.00    0.00    0.00    0.00    0.00    0.00    0.00    0.00    0.00  100.00
05:47:05       9    0.00    0.00    0.00    0.00    0.00    0.00    0.00    0.00    0.00  100.00
05:47:05      10    0.00    0.00    0.00    0.00    0.00    0.00    0.00    0.00    0.00  100.00
05:47:05      11    0.00    0.00    0.00    0.00    0.00    0.00    0.00    0.00    0.00  100.00

Average:     CPU    %usr   %nice    %sys %iowait    %irq   %soft  %steal  %guest  %gnice   %idle
Average:     all    0.70    0.00    0.38    0.00    0.03    0.02    0.00    0.00    0.00   98.87
Average:       0    1.20    0.00    0.60    0.00    0.00    0.00    0.00    0.00    0.00   98.19
Average:       1    0.20    0.00    0.20    0.00    0.20    0.20    0.00    0.00    0.00   99.20
Average:       2    0.00    0.00    0.00    0.00    0.00    0.00    0.00    0.00    0.00  100.00
Average:       3    2.40    0.00    0.80    0.00    0.00    0.00    0.00    0.00    0.00   96.79
Average:       4    0.60    0.00    0.20    0.00    0.00    0.00    0.00    0.00    0.00   99.20
Average:       5    0.40    0.00    0.60    0.00    0.00    0.00    0.00    0.00    0.00   99.00
Average:       6    0.20    0.00    0.60    0.00    0.00    0.00    0.00    0.00    0.00   99.20
Average:       7    2.00    0.00    1.00    0.00    0.00    0.00    0.00    0.00    0.00   97.00
Average:       8    0.00    0.00    0.20    0.00    0.00    0.00    0.00    0.00    0.00   99.80
Average:       9    0.20    0.00    0.00    0.00    0.20    0.00    0.00    0.00    0.00   99.60
Average:      10    1.00    0.00    0.20    0.00    0.00    0.00    0.00    0.00    0.00   98.80
Average:      11    0.20    0.00    0.20    0.00    0.00    0.00    0.00    0.00    0.00   99.60
