Linux 5.14.0-611.34.1.el9_7.x86_64 (benchmark-server) 	08/29/26 	_x86_64_	(12 CPU)

05:45:43     CPU    %usr   %nice    %sys %iowait    %irq   %soft  %steal  %guest  %gnice   %idle
05:45:44     all    0.42    0.00    0.25    0.00    0.00    0.08    0.00    0.00    0.00   99.25
05:45:44       0    0.00    0.00    0.00    0.00    0.00    0.00    0.00    0.00    0.00  100.00
05:45:44       1    0.00    0.00    1.00    0.00    0.00    0.00    0.00    0.00    0.00   99.00
05:45:44       2    0.99    0.00    0.99    0.00    0.00    0.99    0.00    0.00    0.00   97.03
05:45:44       3    0.99    0.00    0.00    0.00    0.00    0.00    0.00    0.00    0.00   99.01
05:45:44       4    0.99    0.00    0.00    0.00    0.00    0.00    0.00    0.00    0.00   99.01
05:45:44       5    1.00    0.00    0.00    0.00    0.00    0.00    0.00    0.00    0.00   99.00
05:45:44       6    0.99    0.00    0.00    0.00    0.00    0.00    0.00    0.00    0.00   99.01
05:45:44       7    0.00    0.00    0.00    0.00    0.00    0.00    0.00    0.00    0.00  100.00
05:45:44       8    0.00    0.00    0.00    0.00    0.00    0.00    0.00    0.00    0.00  100.00
05:45:44       9    0.00    0.00    0.00    0.00    0.00    0.00    0.00    0.00    0.00  100.00
05:45:44      10    0.00    0.00    1.00    0.00    0.00    0.00    0.00    0.00    0.00   99.00
05:45:44      11    0.00    0.00    0.00    0.00    0.00    0.00    0.00    0.00    0.00  100.00

05:45:44     CPU    %usr   %nice    %sys %iowait    %irq   %soft  %steal  %guest  %gnice   %idle
05:45:45     all    0.25    0.00    0.08    0.00    0.08    0.00    0.00    0.00    0.00   99.58
05:45:45       0    1.00    0.00    0.00    0.00    0.00    0.00    0.00    0.00    0.00   99.00
05:45:45       1    0.00    0.00    0.00    0.00    0.00    0.00    0.00    0.00    0.00  100.00
05:45:45       2    0.00    0.00    0.00    0.00    0.00    0.00    0.00    0.00    0.00  100.00
05:45:45       3    0.00    0.00    0.00    0.00    0.00    0.00    0.00    0.00    0.00  100.00
05:45:45       4    0.00    0.00    0.00    0.00    0.99    0.00    0.00    0.00    0.00   99.01
05:45:45       5    0.00    0.00    0.00    0.00    0.00    0.00    0.00    0.00    0.00  100.00
05:45:45       6    0.00    0.00    0.00    0.00    0.00    0.00    0.00    0.00    0.00  100.00
05:45:45       7    0.00    0.00    0.00    0.00    0.00    0.00    0.00    0.00    0.00  100.00
05:45:45       8    0.00    0.00    0.00    0.00    0.00    0.00    0.00    0.00    0.00  100.00
05:45:45       9    0.98    0.00    0.98    0.00    0.00    0.00    0.00    0.00    0.00   98.04
05:45:45      10    0.99    0.00    0.00    0.00    0.00    0.00    0.00    0.00    0.00   99.01
05:45:45      11    0.00    0.00    0.00    0.00    0.00    0.00    0.00    0.00    0.00  100.00

05:45:45     CPU    %usr   %nice    %sys %iowait    %irq   %soft  %steal  %guest  %gnice   %idle
05:45:46     all    0.08    0.00    0.17    0.00    0.00    0.00    0.00    0.00    0.00   99.75
05:45:46       0    0.00    0.00    1.00    0.00    0.00    0.00    0.00    0.00    0.00   99.00
05:45:46       1    0.00    0.00    1.00    0.00    0.00    0.00    0.00    0.00    0.00   99.00
05:45:46       2    0.00    0.00    0.00    0.00    0.00    0.00    0.00    0.00    0.00  100.00
05:45:46       3    0.00    0.00    0.00    0.00    0.00    0.00    0.00    0.00    0.00  100.00
05:45:46       4    0.00    0.00    0.00    0.00    0.00    0.00    0.00    0.00    0.00  100.00
05:45:46       5    0.00    0.00    0.00    0.00    0.00    0.00    0.00    0.00    0.00  100.00
05:45:46       6    0.00    0.00    0.00    0.00    0.00    0.00    0.00    0.00    0.00  100.00
05:45:46       7    0.00    0.00    0.00    0.00    0.00    0.00    0.00    0.00    0.00  100.00
05:45:46       8    0.00    0.00    0.00    0.00    0.00    0.00    0.00    0.00    0.00  100.00
05:45:46       9    0.00    0.00    0.00    0.00    0.00    0.00    0.00    0.00    0.00  100.00
05:45:46      10    0.00    0.00    0.00    0.00    0.00    0.00    0.00    0.00    0.00  100.00
05:45:46      11    1.00    0.00    0.00    0.00    0.00    0.00    0.00    0.00    0.00   99.00

05:45:46     CPU    %usr   %nice    %sys %iowait    %irq   %soft  %steal  %guest  %gnice   %idle
05:45:47     all    0.25    0.00    0.08    0.00    0.00    0.00    0.00    0.00    0.00   99.67
05:45:47       0    0.00    0.00    0.00    0.00    0.00    0.00    0.00    0.00    0.00  100.00
05:45:47       1    1.00    0.00    1.00    0.00    0.00    0.00    0.00    0.00    0.00   98.00
05:45:47       2    2.00    0.00    0.00    0.00    0.00    0.00    0.00    0.00    0.00   98.00
05:45:47       3    0.00    0.00    0.00    0.00    0.00    0.00    0.00    0.00    0.00  100.00
05:45:47       4    0.00    0.00    0.00    0.00    0.00    0.00    0.00    0.00    0.00  100.00
05:45:47       5    0.00    0.00    0.00    0.00    0.00    0.00    0.00    0.00    0.00  100.00
05:45:47       6    0.00    0.00    0.00    0.00    0.00    0.00    0.00    0.00    0.00  100.00
05:45:47       7    0.00    0.00    0.00    0.00    0.00    0.00    0.00    0.00    0.00  100.00
05:45:47       8    0.00    0.00    0.00    0.00    0.00    0.00    0.00    0.00    0.00  100.00
05:45:47       9    0.00    0.00    0.00    0.00    0.00    0.00    0.00    0.00    0.00  100.00
05:45:47      10    0.00    0.00    0.00    0.00    0.00    0.00    0.00    0.00    0.00  100.00
05:45:47      11    0.00    0.00    0.00    0.00    0.00    0.00    0.00    0.00    0.00  100.00

05:45:47     CPU    %usr   %nice    %sys %iowait    %irq   %soft  %steal  %guest  %gnice   %idle
05:45:48     all    0.08    0.00    0.08    0.00    0.00    0.00    0.00    0.00    0.00   99.83
05:45:48       0    0.00    0.00    0.00    0.00    0.00    0.00    0.00    0.00    0.00  100.00
05:45:48       1    0.00    0.00    0.00    0.00    0.00    0.00    0.00    0.00    0.00  100.00
05:45:48       2    0.00    0.00    0.00    0.00    0.00    0.00    0.00    0.00    0.00  100.00
05:45:48       3    0.00    0.00    0.00    0.00    0.00    0.00    0.00    0.00    0.00  100.00
05:45:48       4    0.00    0.00    1.01    0.00    0.00    0.00    0.00    0.00    0.00   98.99
05:45:48       5    0.00    0.00    0.00    0.00    0.00    0.00    0.00    0.00    0.00  100.00
05:45:48       6    0.00    0.00    0.00    0.00    0.00    0.00    0.00    0.00    0.00  100.00
05:45:48       7    0.00    0.00    0.00    0.00    0.00    0.00    0.00    0.00    0.00  100.00
05:45:48       8    0.00    0.00    0.00    0.00    0.00    0.00    0.00    0.00    0.00  100.00
05:45:48       9    1.00    0.00    0.00    0.00    0.00    0.00    0.00    0.00    0.00   99.00
05:45:48      10    0.00    0.00    0.00    0.00    0.00    0.00    0.00    0.00    0.00  100.00
05:45:48      11    0.00    0.00    0.00    0.00    0.00    0.00    0.00    0.00    0.00  100.00

Average:     CPU    %usr   %nice    %sys %iowait    %irq   %soft  %steal  %guest  %gnice   %idle
Average:     all    0.22    0.00    0.13    0.00    0.02    0.02    0.00    0.00    0.00   99.62
Average:       0    0.20    0.00    0.20    0.00    0.00    0.00    0.00    0.00    0.00   99.60
Average:       1    0.20    0.00    0.60    0.00    0.00    0.00    0.00    0.00    0.00   99.20
Average:       2    0.60    0.00    0.20    0.00    0.00    0.20    0.00    0.00    0.00   99.00
Average:       3    0.20    0.00    0.00    0.00    0.00    0.00    0.00    0.00    0.00   99.80
Average:       4    0.20    0.00    0.20    0.00    0.20    0.00    0.00    0.00    0.00   99.40
Average:       5    0.20    0.00    0.00    0.00    0.00    0.00    0.00    0.00    0.00   99.80
Average:       6    0.20    0.00    0.00    0.00    0.00    0.00    0.00    0.00    0.00   99.80
Average:       7    0.00    0.00    0.00    0.00    0.00    0.00    0.00    0.00    0.00  100.00
Average:       8    0.00    0.00    0.00    0.00    0.00    0.00    0.00    0.00    0.00  100.00
Average:       9    0.40    0.00    0.20    0.00    0.00    0.00    0.00    0.00    0.00   99.40
Average:      10    0.20    0.00    0.20    0.00    0.00    0.00    0.00    0.00    0.00   99.60
Average:      11    0.20    0.00    0.00    0.00    0.00    0.00    0.00    0.00    0.00   99.80
