Linux 5.14.0-611.34.1.el9_7.x86_64 (benchmark-server) 	08/29/26 	_x86_64_	(12 CPU)

05:46:55     CPU    %usr   %nice    %sys %iowait    %irq   %soft  %steal  %guest  %gnice   %idle
05:46:56     all    0.50    0.00    0.00    0.00    0.00    0.00    0.00    0.00    0.00   99.50
05:46:56       0    0.00    0.00    0.00    0.00    0.00    0.00    0.00    0.00    0.00  100.00
05:46:56       1    0.00    0.00    0.00    0.00    0.00    0.00    0.00    0.00    0.00  100.00
05:46:56       2    0.99    0.00    0.00    0.00    0.00    0.00    0.00    0.00    0.00   99.01
05:46:56       3    0.00    0.00    0.00    0.00    0.00    0.00    0.00    0.00    0.00  100.00
05:46:56       4    0.00    0.00    0.00    0.00    0.00    0.00    0.00    0.00    0.00  100.00
05:46:56       5    1.00    0.00    0.00    0.00    0.00    0.00    0.00    0.00    0.00   99.00
05:46:56       6    0.00    0.00    0.00    0.00    0.00    0.00    0.00    0.00    0.00  100.00
05:46:56       7    0.00    0.00    0.00    0.00    0.00    0.00    0.00    0.00    0.00  100.00
05:46:56       8    2.02    0.00    0.00    0.00    0.00    0.00    0.00    0.00    0.00   97.98
05:46:56       9    0.99    0.00    0.00    0.00    0.00    0.00    0.00    0.00    0.00   99.01
05:46:56      10    0.00    0.00    0.00    0.00    0.00    0.00    0.00    0.00    0.00  100.00
05:46:56      11    1.01    0.00    0.00    0.00    0.00    0.00    0.00    0.00    0.00   98.99

05:46:56     CPU    %usr   %nice    %sys %iowait    %irq   %soft  %steal  %guest  %gnice   %idle
05:46:57     all    0.50    0.00    0.33    0.00    0.08    0.00    0.00    0.00    0.00   99.08
05:46:57       0    1.00    0.00    1.00    0.00    0.00    0.00    0.00    0.00    0.00   98.00
05:46:57       1    0.00    0.00    0.00    0.00    0.00    0.00    0.00    0.00    0.00  100.00
05:46:57       2    0.00    0.00    0.00    0.00    0.00    0.00    0.00    0.00    0.00  100.00
05:46:57       3    4.04    0.00    1.01    0.00    0.00    0.00    0.00    0.00    0.00   94.95
05:46:57       4    0.00    0.00    0.00    0.00    0.00    0.00    0.00    0.00    0.00  100.00
05:46:57       5    0.00    0.00    0.99    0.00    0.00    0.00    0.00    0.00    0.00   99.01
05:46:57       6    0.00    0.00    0.00    0.00    0.00    0.00    0.00    0.00    0.00  100.00
05:46:57       7    0.00    0.00    0.00    0.00    0.00    0.00    0.00    0.00    0.00  100.00
05:46:57       8    0.00    0.00    0.99    0.00    0.00    0.00    0.00    0.00    0.00   99.01
05:46:57       9    0.00    0.00    0.00    0.00    0.00    0.00    0.00    0.00    0.00  100.00
05:46:57      10    0.00    0.00    0.00    0.00    0.99    0.00    0.00    0.00    0.00   99.01
05:46:57      11    0.99    0.00    0.00    0.00    0.00    0.00    0.00    0.00    0.00   99.01

05:46:57     CPU    %usr   %nice    %sys %iowait    %irq   %soft  %steal  %guest  %gnice   %idle
05:46:58     all    0.00    0.00    0.08    0.00    0.00    0.00    0.00    0.00    0.00   99.92
05:46:58       0    0.00    0.00    0.00    0.00    0.00    0.00    0.00    0.00    0.00  100.00
05:46:58       1    0.00    0.00    0.00    0.00    0.00    0.00    0.00    0.00    0.00  100.00
05:46:58       2    0.00    0.00    0.00    0.00    0.00    0.00    0.00    0.00    0.00  100.00
05:46:58       3    0.00    0.00    0.00    0.00    0.00    0.00    0.00    0.00    0.00  100.00
05:46:58       4    0.00    0.00    0.00    0.00    0.00    0.00    0.00    0.00    0.00  100.00
05:46:58       5    0.00    0.00    1.00    0.00    0.00    0.00    0.00    0.00    0.00   99.00
05:46:58       6    0.00    0.00    0.00    0.00    0.00    0.00    0.00    0.00    0.00  100.00
05:46:58       7    0.00    0.00    0.00    0.00    0.00    0.00    0.00    0.00    0.00  100.00
05:46:58       8    0.00    0.00    0.00    0.00    0.00    0.00    0.00    0.00    0.00  100.00
05:46:58       9    0.00    0.00    0.00    0.00    0.00    0.00    0.00    0.00    0.00  100.00
05:46:58      10    0.00    0.00    0.00    0.00    0.00    0.00    0.00    0.00    0.00  100.00
05:46:58      11    0.00    0.00    0.00    0.00    0.00    0.00    0.00    0.00    0.00  100.00

05:46:58     CPU    %usr   %nice    %sys %iowait    %irq   %soft  %steal  %guest  %gnice   %idle
05:46:59     all    2.34    0.00    0.50    0.00    0.00    0.00    0.00    0.00    0.00   97.16
05:46:59       0   10.00    0.00    3.00    0.00    0.00    0.00    0.00    0.00    0.00   87.00
05:46:59       1    0.00    0.00    1.00    0.00    0.00    0.00    0.00    0.00    0.00   99.00
05:46:59       2    0.00    0.00    0.00    0.00    0.00    0.00    0.00    0.00    0.00  100.00
05:46:59       3    5.00    0.00    0.00    0.00    0.00    0.00    0.00    0.00    0.00   95.00
05:46:59       4    1.98    0.00    0.99    0.00    0.00    0.00    0.00    0.00    0.00   97.03
05:46:59       5    5.05    0.00    0.00    0.00    0.00    0.00    0.00    0.00    0.00   94.95
05:46:59       6    0.00    0.00    0.00    0.00    0.00    0.00    0.00    0.00    0.00  100.00
05:46:59       7    0.00    0.00    0.00    0.00    0.00    0.00    0.00    0.00    0.00  100.00
05:46:59       8    0.00    0.00    0.00    0.00    0.00    0.00    0.00    0.00    0.00  100.00
05:46:59       9    6.00    0.00    1.00    0.00    0.00    0.00    0.00    0.00    0.00   93.00
05:46:59      10    0.00    0.00    0.00    0.00    0.00    0.00    0.00    0.00    0.00  100.00
05:46:59      11    0.00    0.00    0.00    0.00    0.00    0.00    0.00    0.00    0.00  100.00

05:46:59     CPU    %usr   %nice    %sys %iowait    %irq   %soft  %steal  %guest  %gnice   %idle
05:47:00     all    0.25    0.00    0.08    0.00    0.00    0.00    0.00    0.00    0.00   99.67
05:47:00       0    0.99    0.00    0.00    0.00    0.00    0.00    0.00    0.00    0.00   99.01
05:47:00       1    1.00    0.00    1.00    0.00    0.00    0.00    0.00    0.00    0.00   98.00
05:47:00       2    0.00    0.00    0.00    0.00    0.00    0.00    0.00    0.00    0.00  100.00
05:47:00       3    0.00    0.00    0.00    0.00    0.00    0.00    0.00    0.00    0.00  100.00
05:47:00       4    0.00    0.00    0.00    0.00    0.00    0.00    0.00    0.00    0.00  100.00
05:47:00       5    0.00    0.00    0.00    0.00    0.00    0.00    0.00    0.00    0.00  100.00
05:47:00       6    0.00    0.00    0.00    0.00    0.00    0.00    0.00    0.00    0.00  100.00
05:47:00       7    0.00    0.00    0.00    0.00    0.00    0.00    0.00    0.00    0.00  100.00
05:47:00       8    1.00    0.00    0.00    0.00    0.00    0.00    0.00    0.00    0.00   99.00
05:47:00       9    0.00    0.00    0.00    0.00    0.00    0.00    0.00    0.00    0.00  100.00
05:47:00      10    0.00    0.00    0.00    0.00    0.00    0.00    0.00    0.00    0.00  100.00
05:47:00      11    0.00    0.00    0.00    0.00    0.00    0.00    0.00    0.00    0.00  100.00

Average:     CPU    %usr   %nice    %sys %iowait    %irq   %soft  %steal  %guest  %gnice   %idle
Average:     all    0.72    0.00    0.20    0.00    0.02    0.00    0.00    0.00    0.00   99.07
Average:       0    2.40    0.00    0.80    0.00    0.00    0.00    0.00    0.00    0.00   96.80
Average:       1    0.20    0.00    0.40    0.00    0.00    0.00    0.00    0.00    0.00   99.40
Average:       2    0.20    0.00    0.00    0.00    0.00    0.00    0.00    0.00    0.00   99.80
Average:       3    1.80    0.00    0.20    0.00    0.00    0.00    0.00    0.00    0.00   98.00
Average:       4    0.40    0.00    0.20    0.00    0.00    0.00    0.00    0.00    0.00   99.40
Average:       5    1.20    0.00    0.40    0.00    0.00    0.00    0.00    0.00    0.00   98.40
Average:       6    0.00    0.00    0.00    0.00    0.00    0.00    0.00    0.00    0.00  100.00
Average:       7    0.00    0.00    0.00    0.00    0.00    0.00    0.00    0.00    0.00  100.00
Average:       8    0.60    0.00    0.20    0.00    0.00    0.00    0.00    0.00    0.00   99.20
Average:       9    1.40    0.00    0.20    0.00    0.00    0.00    0.00    0.00    0.00   98.40
Average:      10    0.00    0.00    0.00    0.00    0.20    0.00    0.00    0.00    0.00   99.80
Average:      11    0.40    0.00    0.00    0.00    0.00    0.00    0.00    0.00    0.00   99.60
