Linux 5.14.0-611.34.1.el9_7.x86_64 (benchmark-server) 	08/29/26 	_x86_64_	(12 CPU)

05:44:36     CPU    %usr   %nice    %sys %iowait    %irq   %soft  %steal  %guest  %gnice   %idle
05:44:37     all    0.08    0.00    0.08    0.00    0.00    0.00    0.00    0.00    0.00   99.83
05:44:37       0    0.00    0.00    0.00    0.00    0.00    0.00    0.00    0.00    0.00  100.00
05:44:37       1    1.01    0.00    1.01    0.00    0.00    0.00    0.00    0.00    0.00   97.98
05:44:37       2    0.00    0.00    0.00    0.00    0.00    0.00    0.00    0.00    0.00  100.00
05:44:37       3    0.00    0.00    0.00    0.00    0.00    0.00    0.00    0.00    0.00  100.00
05:44:37       4    0.00    0.00    0.00    0.00    0.00    0.00    0.00    0.00    0.00  100.00
05:44:37       5    0.00    0.00    0.00    0.00    0.00    0.00    0.00    0.00    0.00  100.00
05:44:37       6    0.00    0.00    0.00    0.00    0.00    0.00    0.00    0.00    0.00  100.00
05:44:37       7    0.00    0.00    0.00    0.00    0.00    0.00    0.00    0.00    0.00  100.00
05:44:37       8    0.00    0.00    0.00    0.00    0.00    0.00    0.00    0.00    0.00  100.00
05:44:37       9    0.00    0.00    0.00    0.00    0.00    0.00    0.00    0.00    0.00  100.00
05:44:37      10    0.00    0.00    0.00    0.00    0.00    0.00    0.00    0.00    0.00  100.00
05:44:37      11    0.00    0.00    0.00    0.00    0.00    0.00    0.00    0.00    0.00  100.00

05:44:37     CPU    %usr   %nice    %sys %iowait    %irq   %soft  %steal  %guest  %gnice   %idle
05:44:38     all    0.25    0.00    0.17    0.00    0.00    0.00    0.00    0.00    0.00   99.58
05:44:38       0    1.00    0.00    0.00    0.00    0.00    0.00    0.00    0.00    0.00   99.00
05:44:38       1    1.98    0.00    0.99    0.00    0.00    0.00    0.00    0.00    0.00   97.03
05:44:38       2    0.00    0.00    0.00    0.00    0.00    0.00    0.00    0.00    0.00  100.00
05:44:38       3    0.00    0.00    0.00    0.00    0.00    0.00    0.00    0.00    0.00  100.00
05:44:38       4    0.00    0.00    0.00    0.00    0.00    0.00    0.00    0.00    0.00  100.00
05:44:38       5    0.00    0.00    0.00    0.00    0.00    0.00    0.00    0.00    0.00  100.00
05:44:38       6    0.00    0.00    0.00    0.00    0.00    0.00    0.00    0.00    0.00  100.00
05:44:38       7    0.00    0.00    0.00    0.00    0.00    0.00    0.00    0.00    0.00  100.00
05:44:38       8    0.00    0.00    0.00    0.00    0.00    0.00    0.00    0.00    0.00  100.00
05:44:38       9    0.00    0.00    0.00    0.00    0.00    0.00    0.00    0.00    0.00  100.00
05:44:38      10    0.00    0.00    0.00    0.00    0.00    0.00    0.00    0.00    0.00  100.00
05:44:38      11    0.00    0.00    0.99    0.00    0.00    0.00    0.00    0.00    0.00   99.01

05:44:38     CPU    %usr   %nice    %sys %iowait    %irq   %soft  %steal  %guest  %gnice   %idle
05:44:39     all    0.08    0.00    0.17    0.00    0.00    0.00    0.00    0.00    0.00   99.75
05:44:39       0    0.00    0.00    1.00    0.00    0.00    0.00    0.00    0.00    0.00   99.00
05:44:39       1    0.00    0.00    1.00    0.00    0.00    0.00    0.00    0.00    0.00   99.00
05:44:39       2    0.00    0.00    0.00    0.00    0.00    0.00    0.00    0.00    0.00  100.00
05:44:39       3    0.00    0.00    0.00    0.00    0.00    0.00    0.00    0.00    0.00  100.00
05:44:39       4    0.00    0.00    0.00    0.00    0.00    0.00    0.00    0.00    0.00  100.00
05:44:39       5    0.00    0.00    0.00    0.00    0.00    0.00    0.00    0.00    0.00  100.00
05:44:39       6    0.00    0.00    0.00    0.00    0.00    0.00    0.00    0.00    0.00  100.00
05:44:39       7    0.00    0.00    0.00    0.00    0.00    0.00    0.00    0.00    0.00  100.00
05:44:39       8    0.00    0.00    0.00    0.00    0.00    0.00    0.00    0.00    0.00  100.00
05:44:39       9    0.99    0.00    0.00    0.00    0.00    0.00    0.00    0.00    0.00   99.01
05:44:39      10    0.00    0.00    0.00    0.00    0.00    0.00    0.00    0.00    0.00  100.00
05:44:39      11    0.00    0.00    0.00    0.00    0.00    0.00    0.00    0.00    0.00  100.00

05:44:39     CPU    %usr   %nice    %sys %iowait    %irq   %soft  %steal  %guest  %gnice   %idle
05:44:40     all    0.00    0.00    0.08    0.00    0.00    0.00    0.00    0.00    0.00   99.92
05:44:40       0    0.00    0.00    0.00    0.00    0.00    0.00    0.00    0.00    0.00  100.00
05:44:40       1    0.00    0.00    1.01    0.00    0.00    0.00    0.00    0.00    0.00   98.99
05:44:40       2    0.00    0.00    0.00    0.00    0.00    0.00    0.00    0.00    0.00  100.00
05:44:40       3    0.00    0.00    0.00    0.00    0.00    0.00    0.00    0.00    0.00  100.00
05:44:40       4    0.00    0.00    0.00    0.00    0.00    0.00    0.00    0.00    0.00  100.00
05:44:40       5    0.00    0.00    0.00    0.00    0.00    0.00    0.00    0.00    0.00  100.00
05:44:40       6    0.00    0.00    0.00    0.00    0.00    0.00    0.00    0.00    0.00  100.00
05:44:40       7    0.00    0.00    0.00    0.00    0.00    0.00    0.00    0.00    0.00  100.00
05:44:40       8    0.00    0.00    0.00    0.00    0.00    0.00    0.00    0.00    0.00  100.00
05:44:40       9    0.00    0.00    0.00    0.00    0.00    0.00    0.00    0.00    0.00  100.00
05:44:40      10    0.00    0.00    0.00    0.00    0.00    0.00    0.00    0.00    0.00  100.00
05:44:40      11    0.00    0.00    0.00    0.00    0.00    0.00    0.00    0.00    0.00  100.00

05:44:40     CPU    %usr   %nice    %sys %iowait    %irq   %soft  %steal  %guest  %gnice   %idle
05:44:41     all    1.09    0.00    1.50    0.17    0.00    0.00    0.00    0.00    0.00   97.25
05:44:41       0    2.00    0.00    1.00    0.00    0.00    0.00    0.00    0.00    0.00   97.00
05:44:41       1    9.00    0.00    6.00    0.00    0.00    0.00    0.00    0.00    0.00   85.00
05:44:41       2    1.00    0.00    3.00    1.00    0.00    0.00    0.00    0.00    0.00   95.00
05:44:41       3    0.00    0.00    1.00    0.00    0.00    0.00    0.00    0.00    0.00   99.00
05:44:41       4    0.00    0.00    0.00    0.00    0.00    0.00    0.00    0.00    0.00  100.00
05:44:41       5    0.00    0.00    1.00    1.00    0.00    0.00    0.00    0.00    0.00   98.00
05:44:41       6    0.00    0.00    0.00    0.00    0.00    0.00    0.00    0.00    0.00  100.00
05:44:41       7    0.00    0.00    0.00    0.00    0.00    0.00    0.00    0.00    0.00  100.00
05:44:41       8    0.99    0.00    0.99    0.00    0.00    0.00    0.00    0.00    0.00   98.02
05:44:41       9    0.00    0.00    2.02    0.00    0.00    0.00    0.00    0.00    0.00   97.98
05:44:41      10    0.00    0.00    1.00    0.00    0.00    0.00    0.00    0.00    0.00   99.00
05:44:41      11    0.00    0.00    2.02    0.00    0.00    0.00    0.00    0.00    0.00   97.98

Average:     CPU    %usr   %nice    %sys %iowait    %irq   %soft  %steal  %guest  %gnice   %idle
Average:     all    0.30    0.00    0.40    0.03    0.00    0.00    0.00    0.00    0.00   99.27
Average:       0    0.60    0.00    0.40    0.00    0.00    0.00    0.00    0.00    0.00   99.00
Average:       1    2.40    0.00    2.00    0.00    0.00    0.00    0.00    0.00    0.00   95.59
Average:       2    0.20    0.00    0.60    0.20    0.00    0.00    0.00    0.00    0.00   99.00
Average:       3    0.00    0.00    0.20    0.00    0.00    0.00    0.00    0.00    0.00   99.80
Average:       4    0.00    0.00    0.00    0.00    0.00    0.00    0.00    0.00    0.00  100.00
Average:       5    0.00    0.00    0.20    0.20    0.00    0.00    0.00    0.00    0.00   99.60
Average:       6    0.00    0.00    0.00    0.00    0.00    0.00    0.00    0.00    0.00  100.00
Average:       7    0.00    0.00    0.00    0.00    0.00    0.00    0.00    0.00    0.00  100.00
Average:       8    0.20    0.00    0.20    0.00    0.00    0.00    0.00    0.00    0.00   99.60
Average:       9    0.20    0.00    0.40    0.00    0.00    0.00    0.00    0.00    0.00   99.40
Average:      10    0.00    0.00    0.20    0.00    0.00    0.00    0.00    0.00    0.00   99.80
Average:      11    0.00    0.00    0.60    0.00    0.00    0.00    0.00    0.00    0.00   99.40
