Linux 5.14.0-611.34.1.el9_7.x86_64 (benchmark-server) 	08/29/26 	_x86_64_	(12 CPU)

05:42:30     CPU    %usr   %nice    %sys %iowait    %irq   %soft  %steal  %guest  %gnice   %idle
05:42:31     all    0.50    0.00    0.42    0.00    0.08    0.00    0.00    0.00    0.00   99.00
05:42:31       0    0.00    0.00    1.00    0.00    0.00    0.00    0.00    0.00    0.00   99.00
05:42:31       1    0.00    0.00    0.99    0.00    0.00    0.00    0.00    0.00    0.00   99.01
05:42:31       2    0.00    0.00    0.00    0.00    0.00    0.00    0.00    0.00    0.00  100.00
05:42:31       3    4.00    0.00    1.00    0.00    0.00    0.00    0.00    0.00    0.00   95.00
05:42:31       4    0.00    0.00    0.99    0.00    0.00    0.00    0.00    0.00    0.00   99.01
05:42:31       5    0.99    0.00    0.99    0.00    0.00    0.00    0.00    0.00    0.00   98.02
05:42:31       6    0.00    0.00    0.00    0.00    0.00    0.00    0.00    0.00    0.00  100.00
05:42:31       7    0.00    0.00    0.00    0.00    0.00    0.00    0.00    0.00    0.00  100.00
05:42:31       8    0.00    0.00    0.00    0.00    0.00    0.00    0.00    0.00    0.00  100.00
05:42:31       9    0.00    0.00    0.00    0.00    1.00    0.00    0.00    0.00    0.00   99.00
05:42:31      10    0.99    0.00    0.00    0.00    0.00    0.00    0.00    0.00    0.00   99.01
05:42:31      11    0.00    0.00    0.00    0.00    0.00    0.00    0.00    0.00    0.00  100.00

05:42:31     CPU    %usr   %nice    %sys %iowait    %irq   %soft  %steal  %guest  %gnice   %idle
05:42:32     all    0.17    0.00    0.08    0.00    0.00    0.00    0.00    0.00    0.00   99.75
05:42:32       0    0.00    0.00    0.00    0.00    0.00    0.00    0.00    0.00    0.00  100.00
05:42:32       1    0.00    0.00    0.00    0.00    0.00    0.00    0.00    0.00    0.00  100.00
05:42:32       2    0.00    0.00    0.00    0.00    0.00    0.00    0.00    0.00    0.00  100.00
05:42:32       3    0.00    0.00    0.00    0.00    0.00    0.00    0.00    0.00    0.00  100.00
05:42:32       4    0.00    0.00    0.00    0.00    0.00    0.00    0.00    0.00    0.00  100.00
05:42:32       5    0.00    0.00    1.00    0.00    0.00    0.00    0.00    0.00    0.00   99.00
05:42:32       6    0.00    0.00    0.00    0.00    0.00    0.00    0.00    0.00    0.00  100.00
05:42:32       7    0.00    0.00    0.00    0.00    0.00    0.00    0.00    0.00    0.00  100.00
05:42:32       8    0.00    0.00    0.00    0.00    0.00    0.00    0.00    0.00    0.00  100.00
05:42:32       9    1.98    0.00    0.00    0.00    0.00    0.00    0.00    0.00    0.00   98.02
05:42:32      10    0.00    0.00    0.00    0.00    0.00    0.00    0.00    0.00    0.00  100.00
05:42:32      11    0.00    0.00    0.00    0.00    0.00    0.00    0.00    0.00    0.00  100.00

05:42:32     CPU    %usr   %nice    %sys %iowait    %irq   %soft  %steal  %guest  %gnice   %idle
05:42:33     all    0.08    0.00    0.08    0.00    0.00    0.00    0.00    0.00    0.00   99.83
05:42:33       0    0.00    0.00    0.00    0.00    0.00    0.00    0.00    0.00    0.00  100.00
05:42:33       1    0.00    0.00    0.00    0.00    0.00    0.00    0.00    0.00    0.00  100.00
05:42:33       2    0.00    0.00    0.00    0.00    0.00    0.00    0.00    0.00    0.00  100.00
05:42:33       3    0.00    0.00    0.00    0.00    0.00    0.00    0.00    0.00    0.00  100.00
05:42:33       4    0.00    0.00    0.00    0.00    0.00    0.00    0.00    0.00    0.00  100.00
05:42:33       5    0.00    0.00    0.00    0.00    0.00    0.00    0.00    0.00    0.00  100.00
05:42:33       6    0.00    0.00    0.00    0.00    0.00    0.00    0.00    0.00    0.00  100.00
05:42:33       7    0.00    0.00    0.00    0.00    0.00    0.00    0.00    0.00    0.00  100.00
05:42:33       8    0.00    0.00    0.00    0.00    0.00    0.00    0.00    0.00    0.00  100.00
05:42:33       9    0.00    0.00    1.00    0.00    0.00    0.00    0.00    0.00    0.00   99.00
05:42:33      10    0.00    0.00    0.00    0.00    0.00    0.00    0.00    0.00    0.00  100.00
05:42:33      11    1.01    0.00    0.00    0.00    0.00    0.00    0.00    0.00    0.00   98.99

05:42:33     CPU    %usr   %nice    %sys %iowait    %irq   %soft  %steal  %guest  %gnice   %idle
05:42:34     all    0.42    0.00    0.42    0.00    0.08    0.00    0.00    0.00    0.00   99.08
05:42:34       0    0.00    0.00    0.00    0.00    0.00    0.00    0.00    0.00    0.00  100.00
05:42:34       1    0.00    0.00    0.99    0.00    0.00    0.00    0.00    0.00    0.00   99.01
05:42:34       2    0.00    0.00    0.00    0.00    0.00    0.00    0.00    0.00    0.00  100.00
05:42:34       3    0.99    0.00    0.99    0.00    0.99    0.00    0.00    0.00    0.00   97.03
05:42:34       4    1.00    0.00    0.00    0.00    0.00    0.00    0.00    0.00    0.00   99.00
05:42:34       5    0.00    0.00    0.00    0.00    0.00    0.00    0.00    0.00    0.00  100.00
05:42:34       6    0.00    0.00    1.00    0.00    0.00    0.00    0.00    0.00    0.00   99.00
05:42:34       7    0.00    0.00    0.00    0.00    0.00    0.00    0.00    0.00    0.00  100.00
05:42:34       8    0.00    0.00    0.00    0.00    0.00    0.00    0.00    0.00    0.00  100.00
05:42:34       9    0.00    0.00    0.00    0.00    0.00    0.00    0.00    0.00    0.00  100.00
05:42:34      10    2.00    0.00    0.00    0.00    0.00    0.00    0.00    0.00    0.00   98.00
05:42:34      11    0.99    0.00    1.98    0.00    0.00    0.00    0.00    0.00    0.00   97.03

05:42:34     CPU    %usr   %nice    %sys %iowait    %irq   %soft  %steal  %guest  %gnice   %idle
05:42:35     all    0.50    0.00    0.17    0.00    0.00    0.00    0.00    0.00    0.00   99.33
05:42:35       0    0.99    0.00    0.00    0.00    0.00    0.00    0.00    0.00    0.00   99.01
05:42:35       1    0.00    0.00    0.00    0.00    0.00    0.00    0.00    0.00    0.00  100.00
05:42:35       2    0.00    0.00    0.00    0.00    0.00    0.00    0.00    0.00    0.00  100.00
05:42:35       3    3.00    0.00    0.00    0.00    0.00    0.00    0.00    0.00    0.00   97.00
05:42:35       4    0.00    0.00    0.00    0.00    0.00    0.00    0.00    0.00    0.00  100.00
05:42:35       5    0.99    0.00    0.00    0.00    0.00    0.00    0.00    0.00    0.00   99.01
05:42:35       6    0.00    0.00    1.00    0.00    0.00    0.00    0.00    0.00    0.00   99.00
05:42:35       7    0.00    0.00    0.00    0.00    0.00    0.00    0.00    0.00    0.00  100.00
05:42:35       8    0.00    0.00    0.00    0.00    0.00    0.00    0.00    0.00    0.00  100.00
05:42:35       9    0.99    0.00    0.99    0.00    0.00    0.00    0.00    0.00    0.00   98.02
05:42:35      10    0.00    0.00    0.00    0.00    0.00    0.00    0.00    0.00    0.00  100.00
05:42:35      11    0.00    0.00    0.00    0.00    0.00    0.00    0.00    0.00    0.00  100.00

Average:     CPU    %usr   %nice    %sys %iowait    %irq   %soft  %steal  %guest  %gnice   %idle
Average:     all    0.33    0.00    0.23    0.00    0.03    0.00    0.00    0.00    0.00   99.40
Average:       0    0.20    0.00    0.20    0.00    0.00    0.00    0.00    0.00    0.00   99.60
Average:       1    0.00    0.00    0.40    0.00    0.00    0.00    0.00    0.00    0.00   99.60
Average:       2    0.00    0.00    0.00    0.00    0.00    0.00    0.00    0.00    0.00  100.00
Average:       3    1.60    0.00    0.40    0.00    0.20    0.00    0.00    0.00    0.00   97.80
Average:       4    0.20    0.00    0.20    0.00    0.00    0.00    0.00    0.00    0.00   99.60
Average:       5    0.40    0.00    0.40    0.00    0.00    0.00    0.00    0.00    0.00   99.20
Average:       6    0.00    0.00    0.40    0.00    0.00    0.00    0.00    0.00    0.00   99.60
Average:       7    0.00    0.00    0.00    0.00    0.00    0.00    0.00    0.00    0.00  100.00
Average:       8    0.00    0.00    0.00    0.00    0.00    0.00    0.00    0.00    0.00  100.00
Average:       9    0.60    0.00    0.40    0.00    0.20    0.00    0.00    0.00    0.00   98.80
Average:      10    0.60    0.00    0.00    0.00    0.00    0.00    0.00    0.00    0.00   99.40
Average:      11    0.40    0.00    0.40    0.00    0.00    0.00    0.00    0.00    0.00   99.20
