Linux 5.14.0-611.34.1.el9_7.x86_64 (benchmark-server) 	08/29/26 	_x86_64_	(12 CPU)

05:50:13     CPU    %usr   %nice    %sys %iowait    %irq   %soft  %steal  %guest  %gnice   %idle
05:50:14     all    2.09    0.00    0.25    0.00    0.00    0.00    0.00    0.00    0.00   97.65
05:50:14       0    2.00    0.00    1.00    0.00    0.00    0.00    0.00    0.00    0.00   97.00
05:50:14       1    4.00    0.00    0.00    0.00    0.00    0.00    0.00    0.00    0.00   96.00
05:50:14       2    0.00    0.00    0.00    0.00    0.00    0.00    0.00    0.00    0.00  100.00
05:50:14       3    0.00    0.00    1.00    0.00    0.00    0.00    0.00    0.00    0.00   99.00
05:50:14       4    1.00    0.00    1.00    0.00    0.00    0.00    0.00    0.00    0.00   98.00
05:50:14       5    5.05    0.00    0.00    0.00    0.00    0.00    0.00    0.00    0.00   94.95
05:50:14       6    3.06    0.00    0.00    0.00    0.00    0.00    0.00    0.00    0.00   96.94
05:50:14       7    0.00    0.00    0.00    0.00    0.00    0.00    0.00    0.00    0.00  100.00
05:50:14       8    4.04    0.00    0.00    0.00    0.00    0.00    0.00    0.00    0.00   95.96
05:50:14       9    2.02    0.00    0.00    0.00    0.00    0.00    0.00    0.00    0.00   97.98
05:50:14      10    3.03    0.00    0.00    0.00    0.00    0.00    0.00    0.00    0.00   96.97
05:50:14      11    0.99    0.00    0.00    0.00    0.00    0.00    0.00    0.00    0.00   99.01

05:50:14     CPU    %usr   %nice    %sys %iowait    %irq   %soft  %steal  %guest  %gnice   %idle
05:50:15     all    1.25    0.00    0.42    0.00    0.00    0.00    0.00    0.00    0.00   98.34
05:50:15       0    1.00    0.00    1.00    0.00    0.00    0.00    0.00    0.00    0.00   98.00
05:50:15       1    0.00    0.00    0.00    0.00    0.00    0.00    0.00    0.00    0.00  100.00
05:50:15       2    0.00    0.00    0.00    0.00    0.00    0.00    0.00    0.00    0.00  100.00
05:50:15       3    1.00    0.00    0.00    0.00    0.00    0.00    0.00    0.00    0.00   99.00
05:50:15       4    1.00    0.00    0.00    0.00    0.00    0.00    0.00    0.00    0.00   99.00
05:50:15       5    3.96    0.00    0.99    0.00    0.00    0.00    0.00    0.00    0.00   95.05
05:50:15       6    0.98    0.00    0.98    0.00    0.00    0.00    0.00    0.00    0.00   98.04
05:50:15       7    0.00    0.00    0.00    0.00    0.00    0.00    0.00    0.00    0.00  100.00
05:50:15       8    0.00    0.00    0.99    0.00    0.00    0.00    0.00    0.00    0.00   99.01
05:50:15       9    6.00    0.00    1.00    0.00    0.00    0.00    0.00    0.00    0.00   93.00
05:50:15      10    1.00    0.00    0.00    0.00    0.00    0.00    0.00    0.00    0.00   99.00
05:50:15      11    0.00    0.00    0.00    0.00    0.00    0.00    0.00    0.00    0.00  100.00

05:50:15     CPU    %usr   %nice    %sys %iowait    %irq   %soft  %steal  %guest  %gnice   %idle
05:50:16     all    0.00    0.00    0.17    0.00    0.00    0.00    0.00    0.00    0.00   99.83
05:50:16       0    0.00    0.00    0.00    0.00    0.00    0.00    0.00    0.00    0.00  100.00
05:50:16       1    0.00    0.00    0.00    0.00    0.00    0.00    0.00    0.00    0.00  100.00
05:50:16       2    0.00    0.00    0.00    0.00    0.00    0.00    0.00    0.00    0.00  100.00
05:50:16       3    0.00    0.00    0.00    0.00    0.00    0.00    0.00    0.00    0.00  100.00
05:50:16       4    0.00    0.00    0.00    0.00    0.00    0.00    0.00    0.00    0.00  100.00
05:50:16       5    0.00    0.00    0.00    0.00    0.00    0.00    0.00    0.00    0.00  100.00
05:50:16       6    0.00    0.00    0.00    0.00    0.00    0.00    0.00    0.00    0.00  100.00
05:50:16       7    0.00    0.00    1.00    0.00    0.00    0.00    0.00    0.00    0.00   99.00
05:50:16       8    0.00    0.00    0.00    0.00    0.00    0.00    0.00    0.00    0.00  100.00
05:50:16       9    0.00    0.00    0.00    0.00    0.00    0.00    0.00    0.00    0.00  100.00
05:50:16      10    0.00    0.00    0.00    0.00    0.00    0.00    0.00    0.00    0.00  100.00
05:50:16      11    0.00    0.00    0.99    0.00    0.00    0.00    0.00    0.00    0.00   99.01

05:50:16     CPU    %usr   %nice    %sys %iowait    %irq   %soft  %steal  %guest  %gnice   %idle
05:50:17     all    0.08    0.00    0.08    0.00    0.00    0.08    0.00    0.00    0.00   99.75
05:50:17       0    0.00    0.00    1.00    0.00    0.00    0.00    0.00    0.00    0.00   99.00
05:50:17       1    0.00    0.00    0.00    0.00    0.00    0.00    0.00    0.00    0.00  100.00
05:50:17       2    0.00    0.00    0.00    0.00    0.00    0.00    0.00    0.00    0.00  100.00
05:50:17       3    0.00    0.00    0.00    0.00    0.00    1.00    0.00    0.00    0.00   99.00
05:50:17       4    0.00    0.00    0.00    0.00    0.00    0.00    0.00    0.00    0.00  100.00
05:50:17       5    0.00    0.00    0.00    0.00    0.00    0.00    0.00    0.00    0.00  100.00
05:50:17       6    0.00    0.00    0.00    0.00    0.00    0.00    0.00    0.00    0.00  100.00
05:50:17       7    0.00    0.00    0.00    0.00    0.00    0.00    0.00    0.00    0.00  100.00
05:50:17       8    0.00    0.00    0.00    0.00    0.00    0.00    0.00    0.00    0.00  100.00
05:50:17       9    0.00    0.00    0.00    0.00    0.00    0.00    0.00    0.00    0.00  100.00
05:50:17      10    0.00    0.00    0.00    0.00    0.00    0.00    0.00    0.00    0.00  100.00
05:50:17      11    1.00    0.00    0.00    0.00    0.00    0.00    0.00    0.00    0.00   99.00

05:50:17     CPU    %usr   %nice    %sys %iowait    %irq   %soft  %steal  %guest  %gnice   %idle
05:50:18     all    0.92    0.00    0.75    0.00    0.00    0.00    0.00    0.00    0.00   98.33
05:50:18       0    1.01    0.00    3.03    0.00    0.00    0.00    0.00    0.00    0.00   95.96
05:50:18       1    0.00    0.00    1.00    0.00    0.00    0.00    0.00    0.00    0.00   99.00
05:50:18       2    0.00    0.00    0.00    0.00    0.00    0.00    0.00    0.00    0.00  100.00
05:50:18       3    1.00    0.00    1.00    0.00    0.00    0.00    0.00    0.00    0.00   98.00
05:50:18       4    1.01    0.00    0.00    0.00    0.00    0.00    0.00    0.00    0.00   98.99
05:50:18       5    0.00    0.00    0.00    0.00    0.00    0.00    0.00    0.00    0.00  100.00
05:50:18       6    0.00    0.00    0.00    0.00    0.00    0.00    0.00    0.00    0.00  100.00
05:50:18       7    1.00    0.00    1.00    0.00    0.00    0.00    0.00    0.00    0.00   98.00
05:50:18       8    2.02    0.00    0.00    0.00    0.00    0.00    0.00    0.00    0.00   97.98
05:50:18       9    2.00    0.00    1.00    0.00    0.00    0.00    0.00    0.00    0.00   97.00
05:50:18      10    0.99    0.00    0.99    0.00    0.00    0.00    0.00    0.00    0.00   98.02
05:50:18      11    2.02    0.00    1.01    0.00    0.00    0.00    0.00    0.00    0.00   96.97

Average:     CPU    %usr   %nice    %sys %iowait    %irq   %soft  %steal  %guest  %gnice   %idle
Average:     all    0.87    0.00    0.33    0.00    0.00    0.02    0.00    0.00    0.00   98.78
Average:       0    0.80    0.00    1.20    0.00    0.00    0.00    0.00    0.00    0.00   98.00
Average:       1    0.80    0.00    0.20    0.00    0.00    0.00    0.00    0.00    0.00   99.00
Average:       2    0.00    0.00    0.00    0.00    0.00    0.00    0.00    0.00    0.00  100.00
Average:       3    0.40    0.00    0.40    0.00    0.00    0.20    0.00    0.00    0.00   99.00
Average:       4    0.60    0.00    0.20    0.00    0.00    0.00    0.00    0.00    0.00   99.20
Average:       5    1.80    0.00    0.20    0.00    0.00    0.00    0.00    0.00    0.00   98.00
Average:       6    0.80    0.00    0.20    0.00    0.00    0.00    0.00    0.00    0.00   99.00
Average:       7    0.20    0.00    0.40    0.00    0.00    0.00    0.00    0.00    0.00   99.40
Average:       8    1.20    0.00    0.20    0.00    0.00    0.00    0.00    0.00    0.00   98.60
Average:       9    2.00    0.00    0.40    0.00    0.00    0.00    0.00    0.00    0.00   97.60
Average:      10    1.00    0.00    0.20    0.00    0.00    0.00    0.00    0.00    0.00   98.80
Average:      11    0.80    0.00    0.40    0.00    0.00    0.00    0.00    0.00    0.00   98.80
